structure(list(rs2259866 = c(1, 1, 1, 1, 1, 1, 1, 1, 1, 1), rs10875504 = c(2, 
2, 1, 1, 1, 1, 2, 1, 1, 1), rs7339773 = c(3, 3, 3, 3, 3, 3, 3, 
2, 2, 3), rs7339863 = c(3, 3, 3, 3, 3, 3, 3, 3, 3, 3), rs8190183 = c(3, 
3, 3, 3, 3, 3, 3, 3, 3, 3), rs6010298 = c(2, 2, 3, 3, 3, 3, 2, 
3, 3, 3), rs8137605 = c(2, 2, 3, 3, 3, 3, 2, 2, 2, 3), rs5748589 = c(2, 
1, 1, 2, 2, 1, 1, 3, 2, 3), rs5992715 = c(2, 3, 3, 2, 2, 3, 3, 
1, 2, 1), rs131532 = c(2, 3, 3, 2, 2, 3, 3, 2, 2, 2), rs5748626 = c(2, 
1, 1, 2, 2, 1, 1, 1, 2, 2), rs5748640 = c(2, 3, 3, 2, 2, 3, 3, 
3, 2, 2), rs4010554 = c(2, 3, 3, 2, 2, 3, 3, 3, 2, 2), rs2027653 = c(2, 
1, 3, 2, 2, 3, 2, 3, 2, 2), rs17344604 = c(1, 1, 1, 1, 2, 1, 
1, 1, 1, 1), rs7410309 = c(3, 3, 3, 3, 3, 3, 3, 2, 3, 3), rs4010319 = c(2, 
3, 1, 2, 2, 1, 2, 3, 2, 2), rs4010266 = c(2, 2, 3, 2, 2, 3, 3, 
1, 2, 2), rs2379980 = c(3, 3, 3, 3, 3, 3, 2, 3, 3, 3), rs5747561 = c(3, 
3, 3, 3, 3, 3, 2, 3, 3, 3), rs2070501 = c(2, 3, 1, 1, 1, 3, 2, 
3, 2, 3), rs11089264 = c(2, 1, 3, 3, 3, 1, 2, 1, 2, 1), rs12172265 = c(2, 
3, 2, 3, 3, 3, 2, 2, 2, 3), rs2096537 = c(3, 3, 3, 3, 3, 3, 3, 
3, 3, 3), rs9604959 = c(2, 1, 2, 2, 1, 1, 2, 2, 2, 1), rs9606003 = c(1, 
1, 1, 1, 1, 1, 1, 1, 1, 1), rs9604964 = c(3, 3, 3, 3, 3, 3, 3, 
3, 3, 3), rs5993821 = c(2, 3, 2, 1, 2, 3, 2, 2, 1, 2), rs9507980 = c(3, 
3, 3, 2, 2, 3, 3, 3, 2, 3), rs11703273 = c(3, 3, 3, 2, 2, 3, 
3, 3, 2, 2), rs9605028 = c(1, 1, 1, 1, 1, 1, 1, 1, 1, 1), rs1892844 = c(1, 
1, 1, 2, 2, 1, 1, 1, 2, 1), rs12106650 = c(1, 2, 2, 2, 2, 2, 
1, 2, 1, 2), rs16981497 = c(1, 1, 1, 1, 1, 1, 1, 1, 1, 1), rs2845372 = c(1, 
2, 2, 2, 3, 2, 1, 2, 2, 3), rs5748567 = c(1, 3, 3, 3, 3, 2, 1, 
3, 3, 3), rs2215076 = c(3, 3, 2, 2, 3, 3, 3, 2, 3, 3), rs2845379 = c(1, 
2, 2, 2, 2, 1, 1, 2, 2, 2), rs11704471 = c(3, 3, 3, 3, 2, 3, 
3, 3, 3, 2), rs16981635 = c(3, 3, 3, 3, 3, 3, 3, 3, 3, 3), rs1807512 = c(3, 
2, 2, 2, 2, 2, 3, 2, 2, 2), rs4819531 = c(3, 2, 2, 2, 3, 3, 3, 
2, 2, 3), rs5748593 = c(1, 1, 2, 2, 1, 1, 1, 2, 1, 1), rs2159071 = c(1, 
1, 2, 2, 1, 1, 1, 1, 1, 1), rs5993996 = c(3, 2, 2, 2, 3, 3, 3, 
2, 2, 3), rs5746887 = c(1, 3, 3, 3, 1, 2, 1, 3, 3, 2), rs12169397 = c(1, 
1, 1, 2, 1, 1, 1, 1, 1, 1), rs2190742 = c(1, 2, 2, 2, 1, 2, 1, 
2, 2, 2), rs5748614 = c(3, 2, 2, 2, 3, 2, 3, 2, 2, 3), rs5748621 = c(3, 
3, 2, 2, 3, 3, 3, 3, 3, 3), rs4819887 = c(1, 1, 2, 2, 1, 1, 1, 
1, 1, 1), rs2108583 = c(1, 1, 2, 2, 1, 1, 1, 1, 1, 1), rs5746896 = c(1, 
1, 2, 2, 1, 1, 1, 1, 1, 1), rs7511517 = c(3, 1, 1, 1, 3, 1, 3, 
1, 1, 2), rs7286066 = c(3, 2, 2, 2, 3, 2, 3, 2, 2, 2), rs11089347 = c(3, 
1, 1, 1, 3, 1, 3, 1, 1, 2), rs8141920 = c(1, 1, 2, 1, 1, 1, 1, 
1, 1, 1), rs7284785 = c(1, 1, 2, 2, 1, 1, 1, 1, 1, 1), rs5748636 = c(3, 
1, 2, 2, 2, 3, 2, 2, 2, 3), rs5748648 = c(3, 3, 3, 3, 3, 3, 3, 
3, 3, 3), rs738045 = c(3, 3, 3, 2, 2, 3, 3, 3, 2, 1), rs5746899 = c(1, 
1, 1, 1, 1, 1, 1, 1, 1, 1), rs4819892 = c(1, 2, 2, 2, 1, 1, 1, 
2, 2, 1), rs2385715 = c(1, 2, 2, 3, 2, 1, 1, 2, 3, 3), rs5748654 = c(3, 
3, 3, 2, 2, 3, 3, 3, 2, 1), rs2072467 = c(3, 3, 3, 3, 3, 3, 2, 
3, 3, 3), rs2072466 = c(3, 2, 2, 2, 3, 3, 3, 2, 2, 3), rs5746901 = c(3, 
2, 2, 2, 3, 3, 3, 2, 2, 3), rs9306239 = c(2, 2, 2, 3, 2, 2, 1, 
2, 3, 3), rs8138409 = c(1, 2, 2, 2, 1, 1, 1, 2, 2, 1), rs5994025 = c(2, 
2, 2, 1, 2, 2, 3, 2, 1, 1), rs175138 = c(2, 1, 1, 2, 2, 2, 1, 
1, 2, 3), rs175139 = c(2, 3, 3, 2, 2, 2, 3, 3, 2, 1), rs175140 = c(3, 
2, 2, 2, 3, 3, 3, 2, 2, 3), rs175146 = c(1, 2, 2, 2, 1, 1, 1, 
2, 2, 1), rs175149 = c(3, 3, 3, 2, 2, 2, 3, 3, 2, 1), rs165706 = c(2, 
2, 3, 3, 2, 3, 2, 3, 3, 3), rs175151 = c(2, 2, 1, 1, 2, 1, 2, 
1, 1, 1), rs5746906 = c(1, 1, 1, 1, 1, 1, 1, 1, 1, 1), rs165670 = c(3, 
2, 3, 2, 1, 2, 2, 3, 2, 1), rs165910 = c(3, 2, 3, 2, 1, 2, 2, 
3, 2, 1), rs9605158 = c(3, 3, 3, 3, 3, 3, 3, 2, 3, 3), rs165709 = c(1, 
2, 1, 2, 3, 1, 2, 1, 2, 3), rs165810 = c(1, 2, 1, 2, 3, 2, 2, 
1, 2, 2), rs175154 = c(3, 2, 3, 3, 2, 2, 2, 3, 3, 3), rs165927 = c(1, 
2, 1, 2, 3, 2, 2, 1, 2, 2), rs9617920 = c(3, 3, 3, 3, 3, 3, 3, 
3, 3, 3), rs165612 = c(3, 2, 3, 2, 1, 2, 2, 3, 2, 2), rs2041608 = c(3, 
3, 3, 3, 3, 3, 3, 3, 3, 3), rs12169910 = c(1, 1, 1, 1, 1, 1, 
1, 1, 1, 1), rs16981786 = c(1, 1, 1, 2, 2, 1, 1, 1, 2, 2), rs11089351 = c(1, 
1, 1, 1, 1, 2, 1, 1, 1, 1), rs165705 = c(3, 2, 2, 2, 1, 2, 2, 
3, 2, 2), rs7291500 = c(3, 3, 3, 3, 3, 2, 3, 3, 3, 3), rs738043 = c(3, 
3, 3, 2, 2, 3, 3, 3, 3, 3), rs9606527 = c(2, 1, 2, 2, 1, 2, 1, 
1, 2, 2), rs5994087 = c(2, 1, 2, 1, 2, 1, 3, 2, 1, 1), rs16981824 = c(3, 
3, 2, 3, 3, 3, 3, 3, 3, 3), rs16981833 = c(1, 1, 1, 1, 1, 1, 
1, 1, 1, 1), rs7288841 = c(2, 1, 1, 1, 1, 1, 3, 2, 1, 1), rs8136206 = c(2, 
1, 1, 2, 1, 2, 1, 1, 2, 2), rs1990485 = c(2, 3, 3, 1, 3, 2, 3, 
3, 1, 2), rs9306241 = c(2, 2, 3, 2, 2, 1, 3, 2, 2, 2), rs759081 = c(2, 
1, 1, 2, 1, 2, 1, 1, 2, 2), rs2385782 = c(2, 3, 3, 1, 3, 2, 3, 
3, 1, 2), rs5992587 = c(1, 2, 2, 1, 2, 2, 1, 2, 1, 1), rs5748744 = c(1, 
2, 2, 1, 2, 2, 1, 2, 1, 1), rs9306242 = c(1, 2, 2, 1, 2, 2, 1, 
2, 1, 1), rs5994097 = c(3, 2, 3, 3, 2, 3, 3, 3, 3, 2), rs17806382 = c(3, 
3, 3, 3, 3, 2, 3, 3, 3, 3), rs5748748 = c(3, 3, 3, 3, 3, 3, 3, 
3, 2, 3), rs5994098 = c(2, 1, 3, 1, 2, 2, 3, 1, 1, 1), rs5748749 = c(1, 
1, 1, 1, 1, 1, 1, 1, 2, 1), rs5748756 = c(1, 2, 1, 2, 2, 2, 1, 
1, 2, 2), rs933461 = c(2, 1, 3, 1, 2, 2, 3, 1, 1, 1), rs2215725 = c(2, 
2, 1, 2, 2, 2, 1, 1, 2, 2), rs5992593 = c(1, 1, 1, 1, 1, 1, 1, 
1, 2, 1), rs7510758 = c(3, 2, 3, 2, 2, 3, 3, 3, 2, 2), rs5748759 = c(1, 
1, 1, 1, 1, 1, 1, 1, 1, 1), rs5748760 = c(2, 3, 1, 3, 2, 2, 1, 
3, 3, 3), rs5748761 = c(3, 2, 3, 2, 2, 3, 3, 3, 2, 2), rs11703085 = c(2, 
1, 1, 1, 1, 1, 1, 1, 1, 2), rs9618948 = c(1, 1, 1, 1, 1, 1, 1, 
1, 1, 1), rs11702945 = c(2, 3, 3, 3, 3, 3, 3, 3, 3, 2), rs11704537 = c(2, 
3, 3, 3, 3, 2, 3, 3, 2, 2), rs759078 = c(2, 3, 1, 3, 2, 3, 1, 
3, 3, 3), rs5994110 = c(2, 2, 1, 2, 2, 1, 1, 1, 2, 3), rs11089387 = c(3, 
2, 3, 2, 2, 2, 3, 3, 1, 2), rs9606550 = c(1, 1, 1, 2, 1, 1, 1, 
1, 1, 1), rs1024732 = c(3, 2, 3, 2, 3, 2, 3, 1, 3, 3), rs11913448 = c(3, 
3, 3, 3, 3, 3, 3, 3, 3, 3), rs5748766 = c(3, 3, 3, 3, 3, 3, 3, 
3, 3, 3), rs11704401 = c(2, 3, 3, 3, 3, 3, 3, 3, 3, 2), rs757630 = c(2, 
1, 3, 1, 2, 1, 3, 1, 1, 1), rs5748771 = c(1, 1, 1, 1, 1, 1, 1, 
1, 1, 1), rs4819932 = c(2, 1, 3, 1, 2, 2, 3, 1, 1, 1), rs11702971 = c(2, 
1, 1, 1, 1, 1, 1, 1, 1, 2), rs11703756 = c(2, 3, 3, 3, 3, 3, 
3, 3, 3, 2), rs4819935 = c(2, 1, 3, 1, 2, 2, 3, 1, 1, 1), rs5746955 = c(1, 
1, 1, 1, 1, 1, 1, 1, 1, 1), rs5748798 = c(3, 2, 3, 2, 3, 2, 3, 
1, 3, 3), rs917838 = c(2, 3, 3, 3, 2, 2, 3, 3, 1, 3), rs2192155 = c(2, 
1, 2, 2, 3, 3, 2, 2, 3, 2), rs5748809 = c(1, 1, 1, 1, 1, 1, 1, 
1, 1, 1), rs2399168 = c(3, 3, 2, 3, 3, 3, 2, 3, 3, 2), rs4819945 = c(3, 
3, 2, 3, 3, 3, 2, 3, 3, 2), rs2110227 = c(3, 1, 2, 2, 3, 3, 2, 
2, 2, 2), rs2159985 = c(3, 1, 2, 2, 3, 3, 2, 2, 2, 2), rs5994149 = c(1, 
1, 1, 1, 1, 1, 2, 1, 1, 2), rs4819948 = c(3, 3, 2, 3, 3, 3, 3, 
3, 3, 3), rs2895329 = c(3, 1, 2, 2, 3, 3, 2, 2, 2, 2), rs5748832 = c(1, 
3, 2, 2, 1, 1, 2, 2, 2, 2), rs5746982 = c(3, 1, 2, 2, 3, 3, 2, 
2, 2, 2), rs5748835 = c(3, 3, 3, 3, 3, 3, 3, 3, 3, 3), rs2845418 = c(3, 
1, 2, 2, 3, 3, 2, 2, 2, 2), rs2845404 = c(1, 3, 2, 2, 1, 1, 2, 
2, 2, 2), rs17806974 = c(3, 3, 2, 3, 3, 3, 3, 3, 3, 3), rs1054945 = c(3, 
3, 3, 3, 3, 3, 3, 3, 3, 3), rs1054946 = c(3, 1, 1, 2, 3, 3, 1, 
2, 2, 1), rs2859480 = c(1, 3, 2, 2, 1, 1, 2, 2, 2, 2), rs5994154 = c(1, 
1, 2, 1, 1, 1, 2, 1, 1, 2), rs9606592 = c(1, 3, 3, 2, 1, 1, 3, 
2, 2, 3), rs5748845 = c(1, 1, 1, 1, 1, 1, 1, 1, 1, 1), rs738030 = c(1, 
3, 3, 2, 1, 1, 3, 2, 2, 3), rs4819554 = c(1, 3, 2, 2, 1, 1, 2, 
2, 2, 2), rs2270241 = c(3, 1, 2, 2, 3, 3, 2, 2, 3, 2), rs2241042 = c(3, 
1, 1, 2, 3, 3, 1, 2, 2, 1), rs7288159 = c(3, 3, 3, 3, 2, 3, 3, 
3, 3, 3), rs2241049 = c(2, 1, 2, 2, 1, 1, 2, 2, 1, 2), rs6518661 = c(3, 
3, 2, 3, 2, 1, 2, 3, 3, 3), rs882643 = c(1, 1, 2, 1, 1, 1, 1, 
2, 1, 1), rs887796 = c(1, 3, 2, 1, 1, 1, 1, 2, 2, 1), rs738035 = c(2, 
3, 3, 2, 1, 1, 1, 3, 3, 1), rs4819962 = c(2, 3, 2, 2, 1, 1, 1, 
2, 3, 1), rs1654 = c(1, 3, 2, 1, 1, 1, 1, 2, 2, 1), rs11160 = c(3, 
3, 3, 2, 1, 1, 1, 3, 3, 2), rs971768 = c(2, 3, 3, 2, 3, 3, 3, 
3, 2, 3), rs5746996 = c(2, 3, 2, 1, 3, 2, 1, 3, 2, 2), rs5748879 = c(1, 
1, 1, 1, 1, 1, 1, 1, 1, 1), rs5748883 = c(1, 3, 3, 3, 3, 3, 3, 
2, 2, 2), rs9606624 = c(3, 3, 3, 3, 3, 3, 3, 2, 3, 3), rs4819558 = c(2, 
1, 1, 1, 1, 1, 1, 1, 2, 2), rs5994176 = c(1, 1, 2, 3, 1, 2, 3, 
2, 1, 1), rs7287119 = c(1, 1, 2, 3, 1, 2, 3, 1, 1, 1), rs4819968 = c(3, 
1, 2, 3, 3, 3, 3, 3, 2, 3), rs3788269 = c(3, 3, 3, 3, 3, 3, 3, 
2, 3, 3), rs738032 = c(1, 3, 2, 1, 1, 1, 1, 1, 2, 1), rs4819972 = c(2, 
3, 2, 1, 1, 1, 1, 1, 2, 1), rs5748919 = c(1, 1, 1, 1, 1, 2, 1, 
2, 2, 3), rs5748923 = c(3, 3, 3, 3, 3, 2, 3, 2, 2, 1), rs7285493 = c(1, 
1, 1, 1, 3, 1, 1, 3, 1, 1), rs14332 = c(3, 1, 2, 3, 3, 2, 3, 
3, 1, 1), rs1139056 = c(3, 1, 2, 3, 1, 2, 3, 2, 1, 1), rs7290147 = c(3, 
1, 2, 3, 3, 2, 3, 3, 1, 1), rs1079554 = c(1, 3, 2, 1, 1, 1, 1, 
1, 2, 1), rs3827280 = c(3, 1, 2, 3, 3, 3, 3, 3, 2, 3), rs2231496 = c(3, 
3, 2, 3, 2, 2, 3, 2, 3, 3), rs1544504 = c(2, 1, 2, 2, 1, 3, 2, 
2, 2, 3), rs5992638 = c(2, 3, 2, 1, 3, 3, 2, 2, 3, 3), rs17807317 = c(2, 
2, 2, 1, 3, 2, 2, 1, 3, 3), rs2240617 = c(2, 3, 2, 2, 3, 3, 3, 
3, 3, 3), rs5748953 = c(3, 2, 1, 2, 1, 1, 2, 1, 2, 3), rs8136533 = c(3, 
2, 2, 2, 1, 1, 3, 3, 2, 3), rs737966 = c(2, 1, 1, 2, 1, 1, 1, 
1, 1, 1), rs5748965 = c(1, 2, 3, 2, 3, 3, 3, 3, 2, 1), rs9606661 = c(2, 
1, 1, 2, 1, 1, 1, 1, 1, 1), rs3747021 = c(3, 2, 2, 2, 3, 2, 2, 
1, 1, 2), rs4819979 = c(2, 1, 2, 2, 2, 2, 3, 3, 1, 3), rs5748976 = c(3, 
3, 3, 3, 3, 3, 2, 3, 2, 3), rs2058118 = c(2, 1, 1, 1, 1, 2, 2, 
3, 2, 2), rs5748979 = c(1, 1, 1, 1, 1, 1, 2, 1, 2, 1), rs12483926 = c(3, 
2, 2, 2, 2, 1, 1, 3, 1, 2), rs4819982 = c(1, 2, 1, 2, 1, 1, 1, 
3, 1, 1), rs8138422 = c(3, 3, 3, 3, 3, 3, 3, 3, 3, 3), rs5747043 = c(1, 
1, 1, 1, 2, 2, 3, 2, 2, 2), rs17807605 = c(1, 2, 1, 2, 1, 1, 
2, 1, 1, 2), rs5994230 = c(2, 2, 1, 1, 1, 1, 2, 1, 1, 1), rs5994231 = c(2, 
1, 3, 3, 2, 3, 1, 3, 2, 3), rs16982255 = c(3, 2, 3, 3, 2, 3, 
2, 3, 2, 3), rs5749003 = c(2, 3, 3, 3, 3, 3, 3, 3, 3, 3), rs5992649 = c(3, 
2, 3, 3, 3, 3, 3, 3, 3, 3), rs5749006 = c(2, 3, 3, 3, 3, 3, 2, 
3, 3, 3), rs5747050 = c(2, 1, 1, 1, 1, 1, 1, 1, 1, 1), rs11704699 = c(3, 
3, 3, 3, 3, 3, 2, 3, 3, 3), rs4541325 = c(2, 2, 2, 1, 2, 2, 2, 
2, 1, 2), rs12160031 = c(2, 3, 2, 3, 3, 3, 3, 2, 3, 3), rs5749028 = c(1, 
2, 3, 1, 2, 1, 1, 2, 1, 2), rs5992659 = c(1, 2, 3, 2, 2, 1, 1, 
2, 1, 2), rs5994256 = c(3, 2, 1, 2, 2, 3, 3, 2, 3, 2), rs9306258 = c(3, 
2, 1, 3, 3, 3, 3, 2, 3, 2), rs12169748 = c(2, 2, 1, 3, 3, 3, 
3, 1, 3, 1), rs5747065 = c(3, 3, 3, 3, 3, 3, 3, 2, 3, 3), rs4820001 = c(2, 
2, 2, 2, 1, 2, 1, 2, 2, 2), rs2158148 = c(2, 1, 2, 3, 1, 2, 2, 
2, 3, 2), rs5992668 = c(3, 3, 3, 3, 3, 3, 3, 2, 3, 3), rs5994287 = c(3, 
3, 3, 3, 3, 2, 2, 3, 3, 3), rs7288834 = c(1, 2, 1, 2, 1, 2, 3, 
1, 2, 2), rs5749048 = c(3, 2, 2, 2, 3, 2, 1, 2, 2, 2), rs9606695 = c(3, 
3, 3, 3, 3, 2, 2, 3, 3, 3), rs5994289 = c(1, 2, 2, 2, 1, 1, 2, 
3, 2, 2), rs737915 = c(1, 2, 1, 2, 2, 1, 2, 2, 2, 2), rs5992674 = c(3, 
3, 3, 3, 3, 2, 2, 3, 3, 3), rs5747079 = c(3, 3, 3, 3, 3, 2, 2, 
3, 3, 3), rs5747084 = c(1, 1, 1, 1, 1, 1, 2, 1, 1, 1), rs16982341 = c(1, 
1, 1, 1, 1, 1, 2, 1, 1, 1), rs9604738 = c(2, 3, 2, 2, 1, 3, 3, 
3, 2, 1), rs5747087 = c(3, 1, 2, 2, 2, 2, 3, 3, 2, 2), rs4819447 = c(3, 
3, 2, 3, 3, 3, 3, 3, 3, 3), rs4819448 = c(3, 3, 3, 3, 3, 3, 3, 
3, 3, 3), rs737916 = c(3, 1, 1, 2, 2, 1, 3, 3, 2, 2), rs1860308 = c(2, 
1, 1, 2, 2, 1, 3, 3, 2, 2), rs5746366 = c(2, 1, 1, 2, 2, 1, 3, 
3, 2, 2), rs7289964 = c(1, 1, 1, 1, 1, 2, 1, 1, 1, 1), rs5746368 = c(2, 
3, 2, 2, 2, 3, 1, 1, 2, 2), rs16982402 = c(2, 3, 3, 2, 2, 3, 
3, 3, 3, 2), rs1858757 = c(1, 2, 1, 1, 1, 3, 2, 1, 2, 1), rs5747120 = c(3, 
3, 3, 3, 3, 3, 3, 3, 3, 3), rs17808723 = c(3, 3, 3, 3, 3, 3, 
3, 3, 3, 3), rs2078737 = c(3, 2, 3, 3, 3, 1, 2, 3, 2, 2), rs2895937 = c(2, 
2, 1, 2, 3, 1, 1, 1, 1, 2), rs1981533 = c(2, 3, 2, 3, 2, 2, 2, 
2, 3, 2), rs5747130 = c(3, 3, 2, 3, 2, 3, 3, 3, 3, 3), rs5747133 = c(2, 
2, 2, 1, 3, 1, 1, 1, 1, 1), rs5992703 = c(2, 2, 3, 3, 2, 3, 3, 
3, 3, 3), rs12160909 = c(2, 2, 3, 3, 2, 3, 3, 3, 3, 3), rs12160910 = c(2, 
2, 3, 3, 2, 3, 3, 3, 3, 3), rs5992707 = c(2, 2, 1, 1, 2, 1, 1, 
1, 1, 1), rs10460749 = c(3, 3, 3, 3, 3, 3, 3, 2, 3, 2), rs5992708 = c(2, 
2, 1, 1, 2, 1, 1, 1, 1, 1), rs5746379 = c(3, 3, 2, 3, 2, 3, 3, 
3, 3, 3), rs5992709 = c(2, 2, 2, 3, 1, 3, 3, 2, 3, 2), rs5746385 = c(1, 
2, 2, 1, 3, 1, 1, 2, 1, 2), rs2518749 = c(1, 1, 2, 2, 1, 1, 1, 
1, 1, 2), rs5747167 = c(1, 2, 1, 1, 2, 1, 1, 2, 1, 2), rs2157720 = c(1, 
2, 2, 2, 1, 3, 2, 1, 2, 2), rs756642 = c(3, 3, 2, 3, 2, 3, 3, 
2, 3, 2), rs5747176 = c(1, 1, 2, 1, 2, 1, 1, 1, 1, 1), rs5747180 = c(3, 
2, 2, 3, 1, 3, 3, 2, 3, 2), rs2518752 = c(2, 3, 2, 2, 3, 2, 3, 
2, 3, 1), rs5747182 = c(1, 2, 1, 1, 1, 2, 1, 1, 2, 1), rs4819591 = c(2, 
1, 2, 1, 2, 1, 1, 1, 1, 1), rs5747190 = c(3, 3, 2, 2, 3, 3, 3, 
3, 3, 2), rs1557622 = c(1, 2, 2, 2, 1, 2, 1, 2, 2, 3), rs5747191 = c(1, 
1, 1, 1, 1, 1, 1, 2, 1, 2), rs5747200 = c(3, 1, 3, 2, 3, 1, 2, 
2, 2, 2), rs882614 = c(2, 1, 1, 2, 1, 1, 2, 2, 2, 1), rs2518768 = c(1, 
1, 2, 1, 2, 1, 1, 1, 1, 2), rs16982544 = c(3, 3, 3, 2, 3, 2, 
2, 3, 3, 3), rs10483093 = c(1, 1, 1, 2, 1, 1, 1, 1, 1, 1), rs10483094 = c(1, 
1, 1, 2, 1, 1, 1, 1, 1, 1), rs17808446 = c(1, 1, 1, 2, 1, 1, 
1, 1, 1, 1), rs1296748 = c(1, 1, 2, 1, 1, 1, 1, 1, 1, 2), rs7284169 = c(2, 
1, 2, 2, 2, 1, 1, 2, 1, 3), rs722751 = c(1, 1, 1, 2, 1, 1, 1, 
1, 1, 1), rs1296754 = c(1, 1, 2, 2, 1, 1, 1, 2, 1, 2), rs1296755 = c(3, 
3, 2, 3, 3, 3, 3, 3, 3, 2), rs17809093 = c(1, 1, 1, 1, 2, 2, 
2, 1, 1, 1), rs5747211 = c(3, 3, 3, 2, 3, 3, 3, 3, 3, 3), rs16982577 = c(1, 
1, 1, 1, 2, 1, 1, 1, 1, 1), rs5992728 = c(3, 3, 3, 3, 3, 3, 2, 
3, 3, 3), rs78914 = c(2, 2, 1, 2, 2, 3, 2, 1, 1, 1), rs16982598 = c(1, 
1, 1, 1, 1, 1, 1, 1, 1, 1), rs174303 = c(2, 3, 2, 3, 3, 3, 3, 
2, 3, 2), rs174314 = c(2, 1, 2, 1, 1, 1, 1, 2, 1, 2), rs13053400 = c(3, 
3, 3, 3, 3, 3, 2, 3, 3, 3), rs9617592 = c(3, 3, 3, 3, 3, 3, 2, 
3, 3, 3), rs1296778 = c(2, 3, 2, 3, 3, 3, 3, 2, 3, 2), rs9605317 = c(1, 
1, 1, 1, 1, 1, 1, 1, 1, 1), rs2401125 = c(2, 3, 2, 3, 3, 3, 3, 
1, 3, 1), rs1296787 = c(2, 3, 2, 3, 3, 3, 3, 1, 3, 1), rs174335 = c(2, 
2, 3, 2, 3, 1, 2, 3, 3, 3), rs1296793 = c(2, 3, 2, 3, 3, 3, 3, 
2, 3, 2), rs1003861 = c(2, 1, 2, 1, 1, 1, 1, 3, 1, 3), rs1003862 = c(2, 
3, 2, 3, 3, 3, 3, 2, 3, 2), rs1296794 = c(2, 1, 2, 1, 1, 1, 1, 
2, 1, 2), rs1296795 = c(2, 1, 2, 1, 1, 1, 1, 3, 1, 3), rs174342 = c(3, 
3, 3, 3, 3, 3, 2, 3, 3, 3), rs1296801 = c(2, 1, 2, 1, 2, 1, 1, 
2, 1, 2), rs113837 = c(3, 3, 3, 3, 3, 3, 2, 3, 3, 3), rs174347 = c(3, 
2, 3, 2, 3, 3, 3, 3, 3, 3), rs174368 = c(1, 1, 3, 3, 2, 3, 1, 
1, 1, 1), rs423158 = c(3, 3, 2, 2, 2, 1, 3, 3, 2, 3), rs443694 = c(2, 
2, 3, 2, 3, 3, 3, 1, 3, 2), rs1296812 = c(2, 2, 1, 1, 1, 1, 1, 
3, 1, 2), rs9604765 = c(3, 3, 3, 3, 2, 3, 3, 3, 3, 3), rs5992746 = c(1, 
1, 1, 1, 1, 1, 1, 1, 1, 1), rs5747240 = c(1, 2, 1, 1, 1, 1, 1, 
2, 1, 2), rs3532 = c(3, 3, 3, 3, 3, 3, 3, 3, 3, 3), rs1296821 = c(1, 
1, 1, 1, 1, 1, 1, 2, 1, 2), rs1296822 = c(3, 3, 3, 3, 3, 3, 3, 
3, 3, 3), rs5992750 = c(1, 1, 1, 1, 1, 1, 1, 1, 1, 1), rs5992751 = c(1, 
1, 1, 1, 1, 1, 1, 2, 1, 2), rs714504 = c(2, 1, 3, 3, 3, 3, 2, 
3, 3, 3), rs2080549 = c(2, 1, 2, 3, 3, 3, 2, 2, 3, 1), rs9604771 = c(1, 
1, 2, 1, 1, 1, 1, 2, 1, 3), rs5747263 = c(1, 1, 2, 1, 1, 1, 1, 
2, 1, 3), rs9605337 = c(1, 1, 2, 1, 1, 1, 1, 2, 1, 3), rs2300688 = c(1, 
1, 2, 1, 1, 1, 1, 2, 1, 3), rs2300690 = c(1, 1, 2, 1, 1, 1, 1, 
2, 1, 3), rs3747025 = c(3, 3, 2, 3, 3, 3, 3, 2, 3, 1), rs9605343 = c(2, 
2, 3, 3, 3, 3, 2, 3, 3, 3), rs12159924 = c(1, 1, 2, 1, 1, 1, 
1, 2, 1, 3), rs12160074 = c(1, 1, 2, 1, 1, 1, 1, 2, 1, 3), rs5747283 = c(2, 
1, 2, 3, 3, 3, 2, 2, 3, 1), rs5747296 = c(2, 3, 1, 1, 1, 1, 2, 
2, 1, 3), rs4473484 = c(2, 1, 1, 1, 1, 1, 1, 2, 1, 3), rs16980984 = c(1, 
1, 1, 1, 1, 1, 2, 1, 1, 1), rs11704728 = c(2, 1, 1, 1, 1, 1, 
1, 2, 1, 2), rs2024229 = c(2, 2, 3, 3, 3, 3, 2, 3, 2, 2), rs13054588 = c(2, 
3, 3, 3, 3, 3, 3, 2, 3, 2), rs2535690 = c(2, 3, 3, 3, 3, 3, 3, 
2, 3, 2), rs13055718 = c(2, 3, 3, 3, 3, 3, 3, 2, 3, 2), rs11704288 = c(2, 
3, 3, 3, 3, 3, 3, 2, 3, 2), rs5747323 = c(3, 2, 1, 1, 1, 1, 2, 
2, 2, 3), rs9605382 = c(3, 3, 3, 3, 3, 3, 3, 3, 3, 2), rs2587070 = c(2, 
3, 3, 3, 3, 3, 3, 2, 3, 2), rs2535695 = c(2, 3, 3, 3, 3, 3, 3, 
2, 3, 2), rs2587072 = c(2, 1, 1, 1, 1, 1, 1, 2, 1, 2), rs2587076 = c(2, 
2, 3, 3, 3, 3, 2, 3, 2, 2), rs5992092 = c(3, 3, 3, 3, 3, 3, 3, 
3, 3, 2), rs2535704 = c(2, 2, 3, 3, 3, 3, 2, 3, 2, 3), rs5992795 = c(1, 
1, 1, 1, 1, 1, 1, 1, 1, 2), rs12170671 = c(1, 1, 1, 1, 1, 1, 
1, 1, 1, 2), rs5992797 = c(3, 3, 3, 3, 3, 3, 3, 3, 3, 2), rs2535674 = c(2, 
1, 1, 1, 1, 1, 1, 2, 1, 2), rs7290691 = c(1, 1, 1, 1, 1, 1, 1, 
1, 1, 2), rs2587093 = c(2, 3, 3, 3, 3, 3, 3, 2, 3, 2), rs2587094 = c(2, 
1, 1, 1, 1, 1, 1, 2, 1, 2), rs2098174 = c(2, 2, 3, 3, 3, 3, 2, 
3, 2, 3), rs2401169 = c(2, 2, 3, 3, 3, 3, 2, 3, 2, 3), rs1008378 = c(2, 
3, 3, 3, 3, 3, 3, 2, 3, 1), rs4488761 = c(1, 2, 3, 3, 3, 3, 2, 
2, 2, 1), rs9306198 = c(2, 2, 1, 1, 1, 1, 2, 1, 1, 1), rs181379 = c(3, 
3, 3, 3, 3, 3, 3, 3, 3, 3), rs181380 = c(1, 1, 1, 1, 1, 1, 1, 
1, 1, 1), rs424708 = c(2, 1, 1, 1, 1, 1, 1, 2, 1, 2), rs5747338 = c(1, 
2, 3, 3, 3, 3, 3, 2, 2, 1), rs12167030 = c(3, 3, 3, 3, 3, 3, 
3, 3, 3, 2), rs17742109 = c(1, 1, 1, 1, 1, 1, 1, 1, 1, 2), rs444102 = c(2, 
3, 3, 3, 3, 3, 3, 2, 3, 2), rs11538 = c(2, 1, 1, 1, 1, 1, 1, 
2, 1, 2), rs181397 = c(2, 2, 1, 1, 1, 1, 2, 1, 2, 1), rs8190315 = c(3, 
3, 3, 3, 3, 3, 3, 3, 3, 3), rs9604787 = c(3, 3, 3, 3, 3, 3, 3, 
3, 3, 2), rs3788282 = c(3, 3, 3, 3, 3, 3, 3, 3, 3, 3), rs181408 = c(3, 
2, 1, 2, 1, 1, 2, 2, 2, 3), rs181409 = c(1, 2, 3, 2, 3, 3, 2, 
2, 2, 1), rs5747349 = c(2, 1, 1, 2, 2, 3, 2, 3, 2, 2), rs5747351 = c(2, 
1, 1, 2, 2, 3, 2, 3, 2, 2), rs9618106 = c(3, 3, 3, 3, 3, 3, 3, 
3, 3, 3), rs738095 = c(1, 1, 1, 1, 1, 1, 1, 1, 2, 1), rs391085 = c(2, 
3, 3, 1, 2, 3, 1, 3, 3, 2), rs401416 = c(2, 1, 1, 3, 2, 1, 2, 
2, 3, 2), rs12168131 = c(1, 1, 1, 2, 2, 1, 1, 1, 1, 1), rs389496 = c(3, 
3, 1, 2, 3, 2, 3, 1, 3, 2), rs8140645 = c(3, 3, 3, 2, 2, 3, 3, 
3, 3, 3), rs9617619 = c(3, 3, 3, 2, 2, 3, 3, 3, 3, 3), rs388415 = c(3, 
3, 1, 2, 2, 2, 3, 1, 3, 2), rs1124069 = c(1, 1, 1, 2, 1, 1, 2, 
1, 2, 1), rs5992854 = c(2, 3, 3, 2, 2, 3, 2, 3, 2, 2), rs7286597 = c(1, 
1, 1, 1, 1, 1, 1, 1, 1, 1), rs5992862 = c(2, 1, 1, 1, 2, 1, 1, 
1, 1, 2), rs5992868 = c(1, 1, 1, 2, 1, 1, 2, 1, 2, 1), rs424931 = c(1, 
1, 3, 2, 3, 2, 3, 3, 3, 3), rs451840 = c(3, 3, 1, 3, 2, 2, 1, 
1, 1, 1), rs9618133 = c(1, 1, 1, 2, 2, 1, 1, 1, 1, 1), rs2587107 = c(3, 
3, 1, 3, 2, 2, 2, 1, 2, 1), rs2587108 = c(3, 3, 1, 1, 1, 2, 2, 
1, 2, 1), rs2587109 = c(3, 3, 1, 2, 1, 2, 2, 1, 2, 1), rs750558 = c(3, 
3, 1, 3, 2, 2, 2, 1, 2, 1), rs9618139 = c(3, 3, 3, 2, 3, 3, 3, 
3, 3, 3), rs768563 = c(3, 3, 1, 2, 2, 2, 2, 1, 3, 1), rs2587115 = c(3, 
3, 1, 3, 2, 2, 2, 1, 3, 1), rs2542338 = c(3, 3, 1, 3, 2, 2, 2, 
1, 3, 1), rs2160760 = c(1, 1, 3, 1, 2, 2, 2, 3, 1, 3), rs1057721 = c(3, 
3, 1, 2, 2, 2, 2, 2, 3, 1), rs5992126 = c(3, 3, 3, 2, 3, 3, 3, 
3, 3, 3), rs5992128 = c(3, 3, 3, 2, 3, 3, 3, 3, 3, 3), rs5992884 = c(1, 
1, 3, 2, 2, 2, 2, 2, 1, 3), rs4819471 = c(3, 3, 3, 2, 3, 3, 3, 
3, 3, 3), rs2075444 = c(3, 3, 1, 3, 2, 2, 2, 2, 3, 1), rs1076114 = c(3, 
3, 3, 2, 3, 3, 3, 3, 3, 3), rs2289718 = c(3, 3, 1, 3, 2, 2, 2, 
2, 3, 1), rs5747394 = c(3, 3, 1, 3, 2, 2, 2, 2, 3, 1), rs8141766 = c(1, 
1, 3, 1, 2, 2, 2, 2, 1, 3), rs9605426 = c(3, 3, 3, 2, 3, 3, 3, 
3, 3, 3), rs2075446 = c(3, 3, 1, 1, 3, 2, 2, 1, 3, 1), rs4819647 = c(3, 
3, 1, 1, 3, 2, 2, 1, 3, 1), rs5992900 = c(3, 3, 3, 2, 3, 3, 3, 
3, 3, 3), rs13058527 = c(2, 1, 3, 2, 2, 3, 2, 3, 3, 3), rs9605441 = c(3, 
3, 1, 3, 3, 3, 2, 2, 3, 2), rs416081 = c(3, 3, 1, 3, 3, 3, 2, 
2, 3, 2), rs9618172 = c(1, 1, 1, 1, 1, 1, 1, 1, 1, 1), rs431071 = c(2, 
1, 1, 2, 2, 3, 1, 2, 3, 2), rs5747428 = c(3, 3, 3, 3, 2, 3, 3, 
3, 2, 3), rs411682 = c(3, 3, 1, 3, 3, 3, 2, 2, 3, 2), rs5746498 = c(2, 
1, 3, 2, 1, 3, 2, 2, 3, 2), rs7290544 = c(3, 3, 3, 3, 3, 3, 3, 
3, 3, 3), rs12166570 = c(1, 1, 1, 1, 1, 1, 1, 1, 1, 1), rs12158823 = c(2, 
1, 3, 2, 1, 3, 2, 3, 3, 3), rs1076539 = c(2, 3, 1, 2, 3, 1, 2, 
1, 1, 1), rs9604814 = c(3, 3, 3, 3, 3, 3, 3, 3, 3, 3), rs448627 = c(3, 
3, 1, 3, 2, 3, 2, 2, 3, 2), rs453435 = c(1, 1, 3, 1, 2, 1, 2, 
2, 1, 2), rs453557 = c(2, 3, 3, 2, 3, 1, 3, 2, 1, 2), rs8141896 = c(1, 
1, 1, 1, 1, 1, 1, 1, 1, 1), rs9605458 = c(1, 1, 1, 1, 1, 1, 1, 
1, 1, 1), rs370241 = c(2, 1, 1, 2, 1, 3, 1, 2, 3, 2), rs5992934 = c(2, 
3, 1, 2, 2, 1, 2, 1, 1, 1), rs9617648 = c(2, 3, 1, 2, 2, 1, 2, 
1, 1, 1), rs5992946 = c(2, 3, 1, 2, 2, 1, 2, 1, 1, 1), rs13057016 = c(2, 
1, 3, 2, 2, 3, 2, 3, 3, 3), rs386375 = c(3, 3, 1, 3, 2, 3, 2, 
2, 3, 2), rs402617 = c(3, 3, 1, 3, 2, 3, 2, 2, 3, 2), rs403668 = c(3, 
3, 1, 3, 2, 3, 2, 2, 3, 2), rs5992953 = c(1, 1, 1, 1, 1, 1, 1, 
1, 1, 1), rs397709 = c(1, 1, 3, 1, 1, 2, 2, 1, 1, 2), rs452579 = c(3, 
2, 3, 2, 3, 3, 3, 3, 3, 2), rs366892 = c(2, 2, 1, 2, 2, 2, 2, 
3, 2, 2), rs7284666 = c(1, 1, 3, 1, 2, 1, 1, 1, 2, 1), rs390495 = c(2, 
2, 1, 2, 2, 2, 2, 3, 2, 2), rs2034299 = c(1, 1, 3, 1, 2, 1, 1, 
1, 2, 1), rs4819478 = c(3, 3, 1, 3, 2, 3, 3, 3, 2, 3), rs107321 = c(2, 
2, 1, 2, 2, 2, 2, 3, 2, 2), rs465101 = c(1, 1, 3, 1, 1, 1, 2, 
1, 2, 1), rs463271 = c(2, 3, 1, 3, 1, 2, 2, 2, 2, 2), rs460036 = c(1, 
1, 1, 2, 1, 1, 1, 2, 1, 1), rs460485 = c(3, 3, 3, 2, 2, 3, 3, 
1, 3, 3), rs459030 = c(1, 2, 1, 1, 1, 2, 1, 2, 1, 2), rs7288409 = c(1, 
2, 1, 2, 3, 1, 1, 1, 2, 1), rs7284964 = c(1, 2, 1, 2, 2, 1, 1, 
1, 2, 1), rs5992986 = c(3, 2, 2, 2, 2, 3, 3, 3, 2, 3), rs11703869 = c(1, 
2, 1, 1, 1, 2, 1, 1, 1, 1), rs5992990 = c(1, 2, 1, 1, 1, 2, 1, 
1, 1, 2), rs17742344 = c(3, 2, 3, 3, 2, 3, 3, 3, 3, 3), rs9618193 = c(3, 
2, 3, 3, 2, 3, 3, 3, 3, 3), rs1005195 = c(1, 1, 1, 1, 1, 1, 1, 
1, 1, 1), rs17742403 = c(3, 3, 3, 3, 2, 3, 3, 3, 2, 3), rs466130 = c(2, 
3, 1, 2, 2, 2, 3, 1, 2, 2), rs361807 = c(1, 2, 1, 1, 1, 2, 3, 
1, 1, 2), rs5992169 = c(3, 2, 3, 3, 3, 2, 1, 3, 3, 2), rs361594 = c(2, 
2, 3, 3, 2, 3, 3, 3, 2, 3), rs362250 = c(2, 2, 1, 1, 2, 1, 1, 
1, 1, 1), rs28839 = c(3, 2, 3, 3, 3, 2, 1, 3, 3, 2), rs361834 = c(2, 
1, 3, 2, 2, 2, 1, 3, 1, 2), rs362072 = c(1, 1, 1, 1, 1, 1, 1, 
1, 1, 1), rs5993003 = c(1, 1, 1, 2, 1, 1, 1, 1, 1, 1), rs9604830 = c(1, 
1, 1, 1, 1, 1, 1, 1, 2, 1), rs2234329 = c(1, 2, 1, 1, 1, 1, 1, 
1, 1, 1), rs361776 = c(3, 3, 3, 3, 3, 3, 3, 3, 3, 3), rs361557 = c(1, 
2, 1, 1, 1, 1, 3, 1, 1, 2), rs12159975 = c(1, 1, 1, 1, 1, 1, 
1, 1, 1, 1), rs2540620 = c(1, 1, 1, 1, 1, 1, 1, 1, 1, 1), rs5746516 = c(3, 
3, 3, 3, 3, 3, 3, 3, 3, 3), rs4819668 = c(3, 3, 3, 3, 3, 3, 3, 
3, 3, 3), rs5746519 = c(3, 3, 3, 3, 3, 3, 3, 3, 3, 3), rs361534 = c(2, 
1, 1, 1, 1, 2, 3, 1, 3, 2), rs361814 = c(2, 1, 1, 1, 1, 1, 1, 
1, 1, 1), rs2252257 = c(2, 3, 3, 3, 3, 3, 3, 3, 3, 3), rs5747922 = c(3, 
3, 3, 3, 2, 3, 3, 2, 2, 3), rs454534 = c(3, 3, 2, 2, 3, 3, 2, 
3, 3, 3), rs8135825 = c(3, 3, 3, 3, 3, 3, 3, 3, 3, 3), rs372579 = c(2, 
2, 1, 1, 2, 1, 2, 3, 2, 2), rs408469 = c(3, 3, 3, 3, 3, 3, 3, 
3, 3, 3), rs409155 = c(1, 1, 1, 1, 1, 1, 1, 1, 1, 1), rs5993409 = c(1, 
1, 1, 1, 1, 1, 1, 1, 1, 1), rs5746636 = c(1, 1, 1, 1, 2, 1, 2, 
2, 2, 1), rs395440 = c(3, 3, 3, 3, 3, 3, 3, 3, 3, 3), rs2241305 = c(1, 
1, 2, 2, 1, 2, 1, 1, 1, 1), rs380705 = c(3, 3, 2, 3, 3, 3, 3, 
3, 3, 3), rs759406 = c(2, 2, 1, 1, 1, 1, 1, 2, 2, 2), rs5993420 = c(2, 
2, 3, 3, 3, 3, 3, 2, 2, 2), rs5992335 = c(2, 2, 3, 3, 3, 3, 3, 
2, 2, 2), rs16983593 = c(3, 3, 2, 2, 3, 3, 3, 3, 3, 3), rs4819757 = c(3, 
2, 2, 3, 3, 2, 2, 3, 2, 2), rs2008720 = c(2, 1, 1, 2, 3, 2, 2, 
2, 2, 1), rs5993426 = c(3, 3, 2, 3, 2, 2, 3, 3, 2, 3), rs5992339 = c(3, 
3, 2, 3, 2, 2, 3, 3, 2, 3), rs5992340 = c(1, 1, 2, 1, 2, 2, 1, 
1, 2, 1), rs5747944 = c(3, 3, 3, 3, 3, 3, 3, 3, 2, 3), rs5993445 = c(1, 
2, 3, 2, 3, 3, 2, 3, 3, 2), rs2540627 = c(3, 2, 2, 3, 1, 2, 3, 
3, 2, 2), rs2077200 = c(3, 2, 2, 3, 1, 2, 3, 3, 2, 2), rs5747948 = c(1, 
1, 1, 1, 3, 2, 1, 1, 3, 2), rs2540648 = c(2, 1, 1, 2, 1, 1, 1, 
1, 1, 1), rs17208178 = c(3, 2, 2, 2, 3, 3, 3, 3, 3, 3), rs2518800 = c(2, 
2, 2, 1, 1, 2, 3, 3, 1, 2), rs2540653 = c(2, 3, 3, 2, 3, 3, 3, 
3, 3, 3), rs2518805 = c(2, 1, 1, 2, 1, 1, 1, 1, 1, 1), rs2075198 = c(1, 
1, 1, 1, 1, 1, 1, 1, 1, 1), rs1210637 = c(2, 2, 2, 1, 1, 2, 3, 
3, 1, 2), rs5992351 = c(2, 2, 3, 3, 2, 3, 2, 1, 2, 2), rs5746651 = c(3, 
3, 2, 3, 3, 3, 2, 3, 3, 3), rs12157835 = c(3, 3, 3, 3, 2, 3, 
2, 1, 2, 2), rs17810548 = c(2, 2, 1, 1, 2, 1, 1, 2, 2, 1), rs6518508 = c(3, 
3, 3, 3, 2, 3, 2, 1, 2, 2), rs3747041 = c(1, 1, 1, 1, 1, 1, 1, 
1, 1, 1), rs2072123 = c(1, 1, 2, 2, 2, 1, 2, 3, 2, 2), rs6518517 = c(1, 
1, 2, 2, 2, 1, 2, 3, 2, 2), rs1001896 = c(3, 3, 2, 2, 2, 3, 3, 
2, 2, 3), rs2871009 = c(3, 3, 2, 2, 2, 3, 2, 1, 2, 2), rs2074003 = c(3, 
3, 2, 2, 2, 3, 2, 1, 2, 2), rs10854539 = c(3, 3, 2, 2, 3, 3, 
3, 3, 3, 3), rs6518518 = c(1, 1, 2, 2, 2, 1, 2, 3, 2, 2), rs5993482 = c(1, 
1, 2, 2, 2, 1, 2, 3, 2, 2), rs5992356 = c(3, 3, 2, 2, 2, 3, 3, 
2, 2, 3), rs2107297 = c(3, 3, 2, 2, 2, 3, 3, 1, 2, 3), rs2238740 = c(3, 
3, 3, 3, 3, 3, 2, 2, 3, 2), rs2238743 = c(3, 2, 2, 2, 2, 3, 2, 
1, 2, 2), rs11913366 = c(1, 1, 2, 2, 1, 1, 1, 1, 1, 1), rs1557844 = c(3, 
2, 2, 2, 2, 3, 2, 1, 2, 2), rs1557845 = c(1, 2, 2, 2, 2, 1, 2, 
3, 2, 2), rs2238749 = c(1, 2, 2, 2, 2, 1, 2, 3, 2, 2), rs5993492 = c(3, 
2, 2, 2, 2, 2, 2, 1, 2, 2), rs2238751 = c(3, 3, 3, 3, 3, 3, 2, 
2, 3, 2), rs1557847 = c(1, 1, 2, 2, 2, 1, 2, 3, 2, 2), rs2800960 = c(3, 
3, 3, 2, 3, 3, 3, 3, 3, 3), rs2800969 = c(1, 1, 2, 2, 2, 1, 1, 
2, 2, 1), rs5992362 = c(3, 3, 2, 2, 2, 3, 2, 1, 2, 2), rs2525037 = c(3, 
3, 2, 2, 2, 3, 2, 1, 2, 2), rs17743642 = c(1, 1, 1, 1, 1, 1, 
2, 2, 1, 2), rs2189490 = c(1, 2, 2, 2, 2, 1, 2, 3, 2, 2), rs2105421 = c(3, 
3, 2, 2, 2, 3, 2, 1, 2, 2), rs2096377 = c(3, 3, 2, 2, 2, 3, 2, 
1, 2, 2), rs2800987 = c(3, 3, 2, 2, 3, 3, 2, 2, 3, 2), rs807741 = c(1, 
1, 1, 2, 1, 1, 1, 1, 1, 1), rs811107 = c(1, 1, 2, 2, 2, 1, 2, 
3, 2, 2), rs807750 = c(1, 1, 2, 2, 2, 1, 2, 3, 2, 2), rs807751 = c(1, 
2, 2, 2, 2, 1, 2, 3, 2, 2), rs807753 = c(3, 3, 2, 2, 2, 3, 2, 
1, 2, 2), rs17811040 = c(3, 3, 3, 3, 2, 3, 1, 1, 2, 2), rs12233351 = c(3, 
3, 3, 3, 3, 3, 3, 3, 3, 3), rs712965 = c(3, 3, 2, 2, 3, 3, 3, 
3, 3, 3), rs2240112 = c(3, 3, 3, 3, 2, 3, 2, 1, 2, 2), rs16983371 = c(3, 
3, 3, 3, 2, 3, 2, 1, 2, 2), rs5747997 = c(3, 2, 2, 1, 2, 3, 2, 
1, 2, 2), rs3765611 = c(3, 3, 3, 3, 3, 3, 3, 3, 3, 3), rs5992372 = c(1, 
1, 2, 2, 2, 1, 1, 2, 3, 3), rs8139648 = c(3, 3, 3, 2, 3, 3, 2, 
2, 3, 3), rs11704735 = c(3, 3, 2, 3, 3, 3, 3, 2, 3, 2), rs5748016 = c(3, 
3, 2, 3, 3, 3, 3, 2, 3, 2), rs2000338 = c(2, 1, 2, 3, 2, 1, 3, 
2, 2, 3), rs712964 = c(2, 1, 1, 3, 2, 1, 3, 2, 2, 2), rs2298271 = c(1, 
1, 1, 1, 1, 1, 1, 1, 1, 1), rs807665 = c(3, 3, 3, 3, 3, 3, 3, 
3, 3, 3), rs807667 = c(2, 1, 1, 3, 1, 1, 3, 2, 2, 2), rs756651 = c(2, 
1, 1, 3, 1, 1, 3, 2, 2, 2), rs885977 = c(1, 1, 2, 1, 1, 1, 1, 
1, 1, 2), rs762527 = c(2, 3, 3, 1, 3, 3, 1, 2, 2, 2), rs2066732 = c(3, 
3, 3, 3, 3, 3, 3, 3, 3, 3), rs1061325 = c(2, 1, 1, 3, 1, 1, 3, 
2, 2, 2), rs807550 = c(1, 1, 2, 1, 1, 1, 1, 1, 1, 2), rs5746682 = c(2, 
3, 2, 1, 3, 3, 1, 2, 2, 1), rs807549 = c(3, 3, 2, 3, 3, 3, 3, 
3, 3, 2), rs723414 = c(2, 1, 2, 3, 1, 1, 3, 2, 2, 3), rs712957 = c(3, 
3, 2, 3, 3, 3, 3, 3, 3, 2), rs2236759 = c(2, 3, 2, 1, 3, 3, 1, 
2, 2, 1), rs2239390 = c(1, 1, 1, 1, 1, 1, 1, 1, 1, 1), rs1633404 = c(1, 
1, 2, 1, 1, 1, 1, 1, 1, 2), rs5748042 = c(3, 3, 3, 3, 3, 3, 3, 
3, 3, 3), rs12628491 = c(3, 3, 3, 3, 3, 3, 3, 3, 3, 3), rs712955 = c(3, 
3, 2, 3, 3, 3, 3, 3, 3, 2), rs712953 = c(3, 3, 2, 3, 3, 3, 3, 
3, 3, 2), rs5748046 = c(1, 1, 1, 1, 1, 1, 1, 1, 1, 1), rs712951 = c(3, 
3, 2, 3, 3, 3, 3, 3, 3, 2), rs712949 = c(3, 3, 2, 3, 3, 3, 3, 
3, 3, 2), rs1206536 = c(1, 1, 2, 1, 1, 1, 1, 1, 1, 2), rs5748051 = c(3, 
3, 3, 3, 3, 3, 3, 3, 3, 3), rs1206546 = c(3, 3, 2, 3, 3, 3, 3, 
3, 3, 2), rs1206553 = c(1, 1, 2, 1, 1, 1, 1, 1, 1, 2), rs2073754 = c(2, 
1, 2, 3, 1, 1, 3, 2, 2, 3), rs807459 = c(3, 3, 2, 3, 3, 3, 3, 
3, 3, 2), rs807468 = c(3, 3, 2, 3, 3, 3, 3, 3, 3, 2), rs12628109 = c(1, 
1, 1, 1, 1, 1, 1, 1, 1, 1), rs809901 = c(2, 3, 3, 1, 3, 3, 1, 
2, 2, 2), rs5748067 = c(1, 1, 1, 1, 1, 1, 1, 1, 1, 1), rs807463 = c(1, 
1, 2, 1, 1, 1, 1, 1, 1, 2), rs807465 = c(3, 3, 2, 3, 3, 3, 3, 
3, 3, 2), rs2096379 = c(1, 1, 2, 1, 1, 1, 1, 1, 1, 2), rs807430 = c(3, 
3, 2, 3, 3, 3, 3, 3, 3, 2), rs2518866 = c(1, 1, 2, 1, 1, 1, 1, 
1, 1, 2), rs807432 = c(3, 3, 2, 3, 3, 3, 3, 3, 3, 2), rs3788295 = c(1, 
1, 1, 1, 1, 1, 1, 1, 1, 1), rs9605972 = c(2, 3, 3, 1, 3, 3, 1, 
2, 2, 2), rs2518840 = c(2, 3, 2, 1, 3, 3, 1, 2, 2, 1), rs11705237 = c(1, 
1, 2, 1, 1, 1, 1, 1, 1, 2), rs5748087 = c(3, 3, 3, 3, 3, 3, 3, 
3, 3, 3), rs5748092 = c(1, 1, 1, 1, 1, 1, 1, 1, 1, 1), rs5746711 = c(1, 
1, 1, 1, 1, 1, 1, 1, 1, 1), rs361956 = c(2, 3, 2, 2, 3, 3, 1, 
2, 2, 1), rs1858771 = c(1, 1, 1, 1, 1, 1, 1, 2, 1, 1), rs3761407 = c(3, 
3, 3, 3, 3, 3, 1, 3, 3, 3), rs3810597 = c(1, 1, 1, 1, 1, 1, 3, 
1, 1, 1), rs5746715 = c(3, 3, 2, 3, 3, 3, 1, 3, 3, 2), rs5993581 = c(2, 
3, 3, 3, 3, 3, 1, 2, 2, 2), rs2023638 = c(1, 2, 1, 1, 2, 1, 1, 
1, 1, 1), rs5993589 = c(2, 2, 2, 2, 2, 1, 3, 2, 2, 3), rs8138738 = c(1, 
2, 1, 1, 2, 1, 1, 1, 1, 1), rs9605988 = c(2, 2, 2, 2, 2, 3, 1, 
2, 2, 1), rs1210685 = c(3, 3, 3, 3, 3, 3, 1, 2, 2, 2), rs982744 = c(3, 
3, 3, 3, 3, 3, 1, 2, 2, 2), rs1210689 = c(1, 2, 1, 1, 2, 1, 1, 
1, 1, 1), rs7292766 = c(2, 2, 2, 2, 2, 1, 3, 2, 2, 3), rs1210696 = c(1, 
2, 1, 1, 2, 1, 1, 1, 1, 1), rs1210697 = c(3, 3, 3, 3, 3, 3, 3, 
2, 2, 2), rs1210702 = c(1, 1, 1, 1, 1, 1, 1, 2, 2, 2), rs2283650 = c(2, 
2, 2, 2, 2, 1, 3, 2, 2, 3), rs2238763 = c(2, 2, 2, 2, 2, 3, 3, 
3, 3, 2), rs9605996 = c(3, 2, 3, 3, 2, 3, 3, 3, 3, 3), rs2023639 = c(1, 
2, 1, 1, 2, 1, 1, 1, 1, 1), rs5748148 = c(3, 2, 3, 3, 2, 3, 3, 
3, 3, 3), rs5746727 = c(3, 2, 3, 3, 2, 3, 3, 3, 3, 3), rs2051670 = c(1, 
1, 1, 1, 1, 1, 1, 2, 2, 2), rs2285334 = c(3, 3, 3, 3, 3, 3, 1, 
3, 3, 3), rs5746732 = c(3, 2, 3, 3, 2, 3, 3, 3, 3, 3), rs2013516 = c(3, 
3, 3, 3, 3, 3, 1, 2, 2, 2), rs17208994 = c(1, 2, 1, 1, 2, 1, 
1, 1, 1, 1), rs9606001 = c(1, 2, 1, 1, 2, 1, 1, 1, 1, 1), rs5748175 = c(3, 
2, 3, 3, 2, 3, 3, 3, 3, 3), rs5993623 = c(3, 3, 3, 3, 3, 3, 1, 
2, 2, 2), rs5748177 = c(1, 2, 1, 1, 2, 1, 1, 1, 1, 1), rs9617790 = c(2, 
1, 2, 2, 1, 1, 1, 1, 1, 2), rs2106145 = c(1, 1, 1, 1, 1, 1, 3, 
2, 2, 2), rs5746734 = c(3, 2, 3, 3, 2, 3, 3, 3, 3, 3), rs7284649 = c(3, 
2, 3, 3, 2, 3, 3, 3, 3, 3), rs3788298 = c(3, 2, 3, 3, 2, 3, 3, 
3, 3, 3), rs5748188 = c(3, 2, 3, 3, 2, 3, 3, 3, 3, 3), rs5748190 = c(3, 
2, 3, 3, 2, 3, 3, 3, 3, 3), rs5748191 = c(3, 2, 3, 3, 2, 3, 3, 
3, 3, 3), rs1473108 = c(3, 2, 3, 3, 2, 3, 3, 3, 3, 3), rs10427838 = c(1, 
2, 1, 1, 2, 1, 1, 1, 1, 1), rs10483102 = c(3, 2, 3, 3, 2, 3, 
3, 3, 3, 3), rs5748201 = c(1, 2, 1, 1, 2, 1, 1, 1, 1, 1), rs5748203 = c(3, 
2, 3, 3, 2, 3, 3, 3, 3, 3), rs13056639 = c(3, 3, 3, 3, 3, 3, 
3, 3, 2, 3), rs8137606 = c(3, 2, 3, 3, 2, 3, 3, 3, 3, 3), rs713931 = c(3, 
3, 3, 3, 3, 3, 3, 3, 3, 3), rs885975 = c(3, 3, 2, 3, 3, 3, 3, 
2, 2, 1), rs1057457 = c(2, 2, 2, 2, 2, 3, 1, 2, 2, 1), rs5748211 = c(2, 
3, 3, 2, 3, 3, 3, 3, 3, 3), rs2073728 = c(1, 1, 1, 1, 1, 1, 1, 
2, 2, 2), rs5748212 = c(2, 1, 1, 2, 1, 1, 1, 1, 1, 1), rs5748220 = c(3, 
2, 3, 3, 2, 3, 3, 3, 3, 3), rs2238769 = c(1, 1, 1, 1, 1, 1, 3, 
1, 1, 1), rs5748222 = c(2, 3, 3, 2, 3, 3, 3, 3, 3, 3), rs756657 = c(2, 
3, 2, 2, 3, 3, 1, 2, 2, 1), rs17811336 = c(1, 1, 1, 1, 1, 1, 
3, 1, 1, 1), rs5748226 = c(2, 1, 2, 2, 1, 1, 3, 2, 2, 3), rs5748231 = c(2, 
1, 2, 2, 1, 1, 3, 2, 2, 3), rs5993650 = c(2, 3, 2, 2, 3, 3, 1, 
2, 2, 1), rs5746750 = c(1, 2, 1, 1, 2, 1, 1, 1, 1, 1), rs5748238 = c(3, 
3, 3, 3, 3, 3, 3, 2, 2, 2), rs5748239 = c(2, 3, 2, 2, 3, 3, 3, 
2, 2, 1), rs5748242 = c(3, 2, 3, 3, 2, 3, 3, 3, 3, 3), rs2073736 = c(2, 
2, 2, 2, 2, 1, 3, 2, 2, 3), rs9606043 = c(2, 3, 2, 2, 3, 3, 1, 
2, 2, 1), rs13447281 = c(3, 3, 3, 3, 3, 3, 3, 3, 3, 2), rs2073733 = c(2, 
2, 2, 2, 2, 1, 3, 2, 2, 3), rs2073732 = c(1, 1, 2, 1, 1, 1, 1, 
2, 2, 3), rs2073760 = c(2, 2, 1, 2, 2, 3, 1, 2, 1, 1), rs9606044 = c(3, 
2, 3, 3, 2, 3, 3, 3, 3, 3), rs9606045 = c(3, 2, 3, 3, 2, 3, 3, 
3, 3, 3), rs13447298 = c(1, 1, 1, 1, 1, 1, 2, 1, 1, 1), rs5993665 = c(1, 
2, 2, 1, 2, 1, 3, 2, 2, 3), rs9604969 = c(1, 2, 1, 1, 2, 1, 2, 
1, 1, 1), rs2871031 = c(3, 3, 3, 3, 3, 3, 3, 2, 2, 2), rs13056098 = c(3, 
2, 3, 3, 3, 3, 3, 3, 2, 3), rs4819804 = c(2, 2, 2, 2, 1, 2, 3, 
1, 2, 1), rs11089283 = c(1, 1, 1, 1, 1, 1, 3, 1, 1, 1), rs5748285 = c(1, 
1, 1, 1, 1, 1, 3, 1, 1, 1), rs9606068 = c(3, 2, 3, 3, 3, 3, 3, 
3, 2, 3), rs5748287 = c(3, 3, 3, 3, 3, 3, 3, 3, 3, 3), rs5746775 = c(3, 
3, 2, 3, 3, 2, 1, 3, 3, 3), rs5993685 = c(2, 3, 2, 3, 3, 2, 3, 
3, 3, 3), rs13057770 = c(1, 2, 1, 1, 1, 1, 1, 1, 1, 2), rs5993690 = c(3, 
2, 3, 3, 3, 3, 3, 3, 3, 2), rs5992428 = c(3, 2, 3, 3, 3, 3, 3, 
3, 3, 2), rs756656 = c(2, 2, 2, 1, 1, 2, 3, 1, 2, 2), rs7286543 = c(2, 
1, 1, 1, 1, 2, 3, 1, 2, 1), rs5748332 = c(2, 2, 2, 3, 3, 1, 1, 
3, 2, 2), rs885983 = c(1, 2, 2, 1, 1, 3, 3, 1, 2, 1), rs9618618 = c(3, 
2, 2, 3, 3, 2, 3, 3, 3, 3), rs5992437 = c(3, 3, 3, 3, 3, 3, 3, 
3, 3, 3), rs5992439 = c(2, 3, 1, 1, 2, 1, 1, 2, 2, 2), rs13058085 = c(3, 
2, 3, 3, 2, 3, 3, 2, 2, 3), rs5992443 = c(3, 2, 3, 3, 2, 3, 3, 
2, 2, 3), rs8135254 = c(2, 3, 3, 1, 2, 3, 3, 2, 3, 2), rs9618625 = c(1, 
1, 1, 1, 1, 1, 1, 1, 1, 1), rs13054962 = c(1, 2, 1, 1, 2, 1, 
1, 2, 2, 2), rs4819811 = c(2, 3, 3, 1, 2, 3, 3, 2, 3, 2), rs9617816 = c(3, 
3, 3, 3, 3, 3, 3, 3, 3, 3), rs5993752 = c(3, 3, 3, 3, 3, 3, 3, 
3, 3, 3), rs7510644 = c(2, 3, 2, 3, 3, 1, 1, 3, 3, 3), rs11912807 = c(1, 
1, 1, 1, 1, 1, 1, 2, 1, 1), rs5992452 = c(1, 1, 1, 1, 1, 1, 1, 
1, 2, 1), rs7291726 = c(3, 3, 3, 3, 3, 3, 3, 2, 2, 3), rs9618640 = c(1, 
1, 1, 1, 1, 1, 1, 1, 2, 1), rs17209532 = c(3, 3, 2, 3, 3, 1, 
1, 3, 3, 3), rs13057911 = c(2, 1, 2, 1, 1, 3, 3, 1, 1, 1), rs5748362 = c(2, 
1, 2, 3, 2, 1, 1, 2, 1, 2), rs13055204 = c(2, 3, 3, 3, 2, 3, 
3, 2, 2, 3), rs12159686 = c(2, 3, 2, 1, 2, 3, 2, 2, 3, 2), rs5748371 = c(2, 
3, 3, 2, 2, 3, 2, 2, 3, 2), rs5748372 = c(2, 1, 1, 2, 2, 1, 2, 
2, 1, 2), rs2904560 = c(3, 3, 3, 2, 3, 3, 3, 2, 3, 2), rs5748377 = c(2, 
3, 3, 3, 2, 3, 2, 3, 3, 3), rs4819826 = c(2, 1, 1, 1, 2, 1, 2, 
1, 1, 1), rs4596073 = c(2, 1, 1, 1, 2, 1, 2, 1, 1, 1), rs9618648 = c(2, 
3, 3, 3, 2, 3, 3, 2, 2, 2), rs7291584 = c(3, 3, 2, 1, 3, 3, 3, 
3, 2, 3), rs9606113 = c(2, 1, 1, 1, 2, 1, 1, 2, 1, 2), rs9606114 = c(1, 
1, 1, 1, 1, 1, 1, 1, 1, 1), rs17744980 = c(1, 1, 1, 1, 1, 1, 
1, 1, 1, 1), rs1541326 = c(3, 2, 3, 1, 3, 3, 3, 3, 2, 3), rs5748391 = c(2, 
2, 1, 3, 2, 2, 1, 3, 3, 2), rs9605002 = c(3, 3, 3, 3, 3, 3, 3, 
3, 3, 3), rs5993790 = c(3, 3, 3, 3, 3, 3, 3, 3, 3, 3), rs10854556 = c(3, 
3, 3, 3, 3, 3, 3, 3, 3, 3), rs5993794 = c(2, 1, 1, 3, 2, 1, 2, 
2, 1, 3), rs5993795 = c(1, 1, 1, 1, 1, 1, 1, 1, 1, 2), rs4819832 = c(3, 
2, 3, 3, 2, 1, 3, 3, 1, 3), rs11702893 = c(3, 3, 3, 3, 3, 3, 
3, 3, 3, 2), rs13053558 = c(3, 3, 3, 3, 3, 3, 3, 3, 3, 2), rs5993810 = c(3, 
2, 3, 3, 2, 1, 3, 3, 1, 3), rs1473107 = c(1, 2, 1, 1, 2, 3, 1, 
1, 2, 1), rs5748406 = c(2, 2, 1, 2, 2, 3, 2, 2, 3, 2), rs5748407 = c(1, 
2, 1, 1, 1, 3, 1, 1, 2, 1), rs5748410 = c(2, 2, 3, 2, 1, 3, 1, 
2, 1, 2), rs12483887 = c(2, 2, 1, 2, 3, 1, 2, 2, 2, 2), rs4819840 = c(3, 
3, 3, 3, 3, 3, 3, 3, 2, 2), rs5993817 = c(3, 3, 3, 3, 3, 3, 3, 
3, 2, 2), rs2157731 = c(2, 2, 2, 2, 3, 2, 3, 3, 2, 2), rs11089305 = c(2, 
2, 1, 2, 3, 1, 3, 2, 1, 2), rs739374 = c(3, 2, 3, 3, 3, 3, 3, 
3, 3, 2), rs16984141 = c(1, 1, 1, 1, 1, 2, 1, 1, 1, 1), rs7291533 = c(3, 
2, 3, 3, 2, 2, 2, 2, 3, 2), rs2301558 = c(1, 1, 1, 1, 1, 2, 2, 
1, 1, 1), rs4819843 = c(3, 3, 3, 3, 3, 3, 2, 3, 3, 3), rs2073762 = c(1, 
2, 1, 2, 1, 2, 3, 2, 2, 2), rs5993830 = c(3, 2, 3, 2, 3, 3, 1, 
2, 2, 3), rs2871043 = c(1, 1, 1, 1, 1, 1, 3, 1, 1, 1), rs737859 = c(1, 
1, 1, 1, 1, 1, 3, 1, 1, 1), rs5993837 = c(1, 1, 2, 1, 1, 1, 2, 
1, 1, 1), rs4819523 = c(2, 3, 3, 3, 2, 2, 1, 3, 3, 2), rs5748445 = c(1, 
1, 1, 1, 1, 1, 3, 1, 1, 1), rs5748449 = c(1, 1, 1, 1, 1, 1, 3, 
1, 1, 1), rs737861 = c(3, 3, 3, 3, 3, 3, 2, 3, 3, 3), rs9618705 = c(3, 
1, 2, 3, 2, 1, 2, 2, 3, 2), rs9618708 = c(1, 3, 2, 1, 2, 3, 1, 
2, 1, 2), rs9680547 = c(1, 3, 2, 1, 2, 3, 1, 2, 1, 2), rs7286924 = c(1, 
3, 2, 1, 2, 2, 1, 2, 1, 1), rs7287254 = c(1, 3, 2, 1, 2, 3, 2, 
2, 1, 2), rs10427656 = c(1, 1, 1, 1, 1, 1, 1, 1, 1, 1), rs12167717 = c(3, 
1, 2, 3, 2, 2, 3, 2, 3, 3), rs5748453 = c(2, 3, 3, 3, 3, 3, 3, 
3, 3, 3), rs13164 = c(1, 3, 2, 1, 2, 2, 1, 2, 1, 1), rs3196628 = c(3, 
3, 3, 3, 3, 2, 3, 3, 3, 2), rs17745302 = c(1, 1, 1, 1, 1, 2, 
1, 1, 1, 2), rs13057784 = c(3, 3, 3, 3, 3, 2, 3, 3, 3, 2), rs9754418 = c(1, 
2, 1, 1, 1, 2, 1, 1, 1, 2), rs7285948 = c(3, 2, 3, 3, 3, 2, 3, 
3, 3, 2), rs1139793 = c(1, 3, 3, 1, 2, 3, 2, 2, 2, 3), rs3788305 = c(1, 
3, 2, 1, 2, 3, 2, 2, 2, 2), rs1548357 = c(3, 3, 1, 3, 3, 3, 2, 
3, 2, 3), rs3827289 = c(1, 1, 3, 1, 1, 1, 2, 1, 2, 1), rs3788310 = c(3, 
3, 3, 3, 3, 3, 3, 3, 3, 3), rs3788317 = c(1, 3, 1, 1, 1, 1, 1, 
1, 1, 1), rs9606174 = c(1, 2, 1, 1, 2, 1, 1, 1, 1, 1), rs4597638 = c(3, 
3, 3, 3, 3, 3, 3, 3, 3, 3), rs12168752 = c(3, 2, 3, 3, 3, 3, 
3, 3, 3, 3), rs8141516 = c(3, 3, 1, 2, 2, 2, 2, 2, 3, 2), rs5993875 = c(2, 
3, 1, 2, 2, 1, 3, 2, 2, 1), rs7290448 = c(3, 3, 3, 3, 3, 3, 2, 
2, 3, 3), rs4333017 = c(2, 2, 1, 2, 1, 1, 1, 1, 2, 1), rs9605031 = c(2, 
2, 1, 2, 1, 1, 2, 1, 2, 1), rs8140265 = c(2, 2, 3, 2, 3, 3, 2, 
3, 2, 3), rs8137828 = c(2, 2, 3, 2, 3, 3, 1, 2, 2, 3), rs11705619 = c(3, 
3, 3, 3, 3, 3, 2, 2, 3, 3), rs740603 = c(2, 2, 1, 2, 2, 1, 3, 
2, 2, 1), rs740601 = c(2, 2, 3, 2, 3, 2, 2, 3, 2, 2), rs165774 = c(3, 
2, 3, 3, 3, 2, 2, 2, 2, 3), rs174696 = c(2, 3, 2, 2, 1, 3, 3, 
3, 3, 3), rs5993891 = c(1, 2, 1, 1, 2, 1, 1, 1, 1, 1), rs2240714 = c(1, 
2, 1, 1, 2, 1, 1, 1, 1, 1), rs2518824 = c(2, 1, 2, 2, 2, 3, 3, 
3, 2, 3), rs887200 = c(3, 2, 3, 3, 2, 3, 3, 3, 3, 3), rs12158201 = c(1, 
1, 1, 1, 2, 1, 1, 1, 1, 1), rs2073747 = c(2, 1, 2, 2, 3, 3, 3, 
3, 2, 3), rs2240716 = c(2, 1, 1, 2, 2, 1, 2, 3, 1, 2), rs2238780 = c(3, 
2, 3, 3, 3, 3, 3, 3, 3, 3), rs2238784 = c(2, 3, 3, 2, 2, 3, 2, 
1, 3, 2), rs917479 = c(2, 3, 3, 2, 1, 3, 2, 1, 3, 2), rs2238786 = c(2, 
1, 1, 2, 2, 1, 2, 3, 1, 2), rs2238787 = c(2, 3, 3, 2, 2, 3, 2, 
1, 3, 2), rs4819527 = c(2, 1, 1, 2, 3, 1, 2, 3, 1, 2), rs2238789 = c(3, 
2, 3, 3, 3, 3, 3, 3, 3, 3), rs2238790 = c(2, 2, 1, 2, 2, 1, 2, 
3, 1, 2), rs11089325 = c(1, 1, 1, 1, 1, 1, 2, 1, 1, 1), rs1034565 = c(2, 
1, 1, 2, 2, 1, 2, 3, 1, 2), rs1034566 = c(2, 1, 1, 2, 2, 1, 2, 
3, 1, 2), rs2073745 = c(3, 3, 2, 3, 2, 1, 2, 3, 2, 2), rs2073743 = c(2, 
1, 1, 2, 2, 1, 2, 3, 1, 2), rs2073742 = c(2, 2, 2, 2, 2, 1, 1, 
1, 2, 1), rs12165312 = c(2, 2, 2, 2, 3, 3, 3, 3, 2, 3), rs12171109 = c(2, 
2, 2, 2, 2, 3, 3, 3, 2, 3), rs1990276 = c(2, 3, 3, 2, 2, 3, 2, 
1, 3, 1), rs2531697 = c(1, 2, 1, 1, 1, 1, 1, 1, 1, 1), rs3788322 = c(1, 
1, 2, 1, 1, 2, 2, 1, 2, 1), rs2531705 = c(3, 3, 3, 3, 3, 3, 3, 
3, 3, 3), rs2531706 = c(3, 3, 2, 3, 3, 2, 2, 3, 2, 3), rs2531708 = c(1, 
1, 2, 1, 1, 2, 2, 1, 2, 2), rs6518598 = c(1, 1, 2, 1, 1, 2, 2, 
1, 2, 1), rs431651 = c(1, 1, 1, 1, 1, 1, 1, 1, 1, 1), rs397701 = c(2, 
2, 1, 1, 1, 3, 3, 3, 3, 2), rs729894 = c(1, 1, 1, 2, 2, 1, 1, 
1, 1, 2), rs426894 = c(2, 2, 3, 3, 3, 1, 1, 1, 1, 2), rs17818431 = c(3, 
2, 3, 2, 2, 3, 3, 3, 3, 3), rs3804044 = c(1, 1, 1, 2, 2, 1, 1, 
1, 1, 2), rs3804043 = c(3, 2, 3, 1, 1, 3, 3, 3, 3, 2), rs442277 = c(2, 
2, 1, 1, 1, 3, 3, 3, 3, 2), rs367450 = c(2, 2, 3, 3, 3, 1, 1, 
1, 1, 2), rs7285397 = c(2, 2, 3, 2, 2, 1, 1, 1, 1, 1), rs5992507 = c(1, 
1, 1, 2, 2, 1, 1, 1, 1, 2), rs9606232 = c(2, 2, 3, 2, 2, 3, 3, 
3, 3, 3), rs9606235 = c(1, 2, 1, 2, 2, 1, 1, 1, 1, 1), rs1558495 = c(3, 
2, 3, 2, 2, 3, 3, 3, 3, 3), rs2073778 = c(1, 1, 1, 2, 2, 1, 1, 
1, 1, 2), rs9606241 = c(2, 2, 3, 2, 2, 1, 1, 1, 1, 1), rs2286925 = c(3, 
3, 1, 3, 3, 3, 3, 3, 3, 3), rs4476436 = c(2, 2, 1, 2, 2, 3, 3, 
3, 3, 3), rs7288396 = c(1, 2, 1, 2, 2, 1, 1, 1, 1, 1), rs9605062 = c(2, 
2, 1, 2, 2, 3, 3, 3, 3, 3), rs9605063 = c(1, 2, 1, 2, 2, 1, 1, 
1, 1, 1), rs9606252 = c(1, 1, 1, 1, 2, 1, 1, 1, 1, 1), rs443678 = c(2, 
2, 1, 1, 1, 2, 2, 3, 1, 2), rs1640299 = c(2, 2, 1, 2, 2, 2, 2, 
3, 1, 3), rs1048659 = c(2, 1, 1, 1, 1, 1, 1, 1, 1, 1), rs885980 = c(2, 
2, 1, 1, 1, 3, 3, 3, 3, 2), rs175164 = c(2, 2, 3, 2, 2, 1, 1, 
1, 1, 1), rs175165 = c(2, 2, 1, 1, 1, 3, 3, 3, 3, 2), rs175174 = c(2, 
2, 3, 3, 3, 1, 1, 1, 1, 2), rs2292570 = c(3, 3, 3, 2, 2, 3, 3, 
3, 3, 2), rs639516 = c(3, 3, 3, 3, 3, 3, 2, 3, 1, 3), rs649737 = c(1, 
1, 1, 1, 1, 1, 2, 1, 3, 1), rs1640283 = c(3, 2, 3, 2, 2, 3, 2, 
3, 1, 3), rs1153418 = c(1, 2, 3, 3, 3, 1, 2, 1, 3, 2), rs8137965 = c(1, 
1, 1, 1, 1, 1, 1, 1, 3, 1), rs385773 = c(1, 2, 1, 2, 2, 1, 1, 
1, 3, 2), rs175200 = c(1, 2, 1, 2, 2, 1, 2, 1, 3, 2), rs632194 = c(3, 
3, 3, 3, 3, 3, 2, 3, 2, 3), rs175207 = c(3, 2, 3, 3, 2, 3, 2, 
3, 2, 2), rs601541 = c(1, 1, 1, 1, 2, 1, 2, 1, 2, 2), rs628355 = c(3, 
2, 3, 3, 3, 2, 3, 3, 3, 3), rs672570 = c(1, 2, 1, 1, 1, 2, 2, 
2, 2, 1), rs661900 = c(3, 2, 3, 3, 3, 2, 2, 2, 2, 3), rs638152 = c(3, 
2, 1, 1, 2, 1, 2, 2, 1, 2), rs17746115 = c(2, 2, 3, 3, 3, 3, 
3, 3, 3, 2), rs589089 = c(1, 1, 1, 1, 1, 1, 2, 1, 1, 1), rs9606282 = c(2, 
2, 3, 3, 3, 3, 3, 3, 3, 2), rs730669 = c(2, 2, 3, 2, 3, 1, 2, 
2, 1, 1), rs17210664 = c(1, 1, 1, 1, 2, 1, 2, 1, 1, 1), rs5748554 = c(3, 
3, 3, 3, 2, 3, 2, 3, 3, 3), rs1640348 = c(3, 1, 3, 2, 2, 3, 2, 
3, 3, 2), rs1642173 = c(1, 3, 2, 2, 2, 1, 2, 1, 1, 2), rs1640350 = c(3, 
1, 3, 2, 2, 3, 2, 3, 3, 2), rs8142885 = c(3, 1, 3, 2, 3, 3, 3, 
3, 3, 2), rs4389405 = c(3, 3, 3, 3, 2, 3, 2, 3, 3, 3), rs1962813 = c(1, 
2, 2, 1, 1, 1, 2, 1, 1, 1), rs696883 = c(3, 1, 3, 2, 2, 3, 2, 
3, 3, 2), rs854967 = c(1, 2, 1, 2, 1, 2, 2, 2, 3, 1), rs9606290 = c(3, 
2, 3, 2, 3, 2, 2, 2, 1, 3), rs7293032 = c(3, 2, 3, 2, 2, 2, 2, 
2, 1, 2), rs5993935 = c(3, 2, 3, 2, 2, 2, 2, 2, 1, 2), rs854970 = c(1, 
2, 1, 2, 1, 3, 2, 2, 3, 1), rs855072 = c(2, 2, 3, 2, 3, 3, 3, 
3, 3, 2), rs855073 = c(3, 2, 2, 2, 3, 2, 1, 2, 1, 3), rs9618757 = c(3, 
3, 3, 3, 3, 3, 3, 3, 3, 3), rs701427 = c(3, 1, 3, 2, 3, 2, 3, 
3, 1, 3), rs854971 = c(1, 3, 1, 2, 1, 2, 1, 1, 3, 1), rs696880 = c(2, 
3, 1, 2, 1, 3, 1, 1, 3, 1), rs1567871 = c(1, 1, 3, 2, 2, 1, 1, 
2, 1, 1), rs9617869 = c(1, 1, 1, 2, 1, 1, 1, 1, 2, 2), rs854955 = c(3, 
3, 3, 2, 3, 3, 3, 3, 2, 2), rs854959 = c(1, 1, 2, 2, 1, 1, 1, 
1, 1, 1), rs9606315 = c(3, 2, 3, 2, 3, 3, 3, 3, 2, 2), rs854961 = c(3, 
1, 1, 2, 2, 3, 3, 1, 2, 2), rs12628408 = c(3, 3, 3, 3, 3, 3, 
3, 3, 2, 3), rs7287659 = c(3, 3, 3, 3, 3, 3, 3, 3, 2, 3), rs11913556 = c(3, 
3, 3, 3, 3, 3, 3, 3, 2, 3), rs759575 = c(3, 3, 3, 3, 3, 3, 3, 
3, 3, 3), rs4425183 = c(3, 2, 2, 2, 1, 1, 2, 2, 2, 2), rs4995261 = c(2, 
2, 2, 2, 3, 3, 2, 2, 2, 2), rs752689 = c(1, 2, 2, 2, 3, 3, 2, 
2, 2, 2), rs6518604 = c(1, 1, 1, 1, 1, 1, 1, 1, 1, 1), rs2930761 = c(2, 
3, 3, 2, 3, 3, 2, 3, 3, 3), rs6003971 = c(3, 3, 3, 2, 3, 3, 2, 
3, 3, 3), rs362243 = c(1, 3, 2, 1, 1, 3, 1, 3, 2, 2), rs9609699 = c(3, 
3, 3, 2, 2, 3, 3, 3, 3, 3), rs2041969 = c(1, 1, 1, 1, 1, 1, 1, 
1, 1, 1), rs362125 = c(1, 3, 2, 1, 1, 3, 1, 3, 2, 2), rs887022 = c(1, 
3, 2, 1, 1, 3, 1, 3, 2, 2), rs1210433 = c(3, 3, 3, 1, 2, 3, 2, 
3, 3, 3), rs5761326 = c(3, 3, 3, 1, 2, 3, 2, 3, 3, 3), rs1013634 = c(3, 
1, 2, 1, 2, 1, 2, 1, 1, 2), rs6005267 = c(3, 1, 2, 3, 3, 2, 3, 
1, 1, 2), rs5762084 = c(1, 1, 1, 1, 1, 1, 1, 1, 1, 1), rs4823021 = c(3, 
3, 3, 3, 3, 3, 3, 3, 3, 3), rs1123521 = c(3, 3, 3, 3, 3, 3, 3, 
3, 3, 3), rs5763911 = c(3, 3, 3, 3, 3, 2, 3, 3, 3, 2), rs165864 = c(2, 
2, 3, 1, 2, 2, 2, 2, 2, 3), rs9611669 = c(2, 1, 3, 1, 1, 1, 2, 
2, 2, 2), rs5749587 = c(2, 2, 3, 1, 2, 2, 2, 2, 2, 3), rs9623544 = c(2, 
2, 1, 3, 2, 2, 2, 2, 2, 1), rs5749656 = c(3, 3, 3, 3, 3, 3, 3, 
3, 3, 3), rs5749713 = c(3, 3, 3, 3, 3, 3, 3, 3, 3, 3), rs5749718 = c(2, 
2, 1, 3, 2, 2, 2, 2, 2, 1), rs5749793 = c(2, 2, 3, 1, 2, 2, 2, 
2, 2, 3), rs5749847 = c(2, 2, 1, 3, 2, 2, 2, 2, 2, 1), rs9620147 = c(2, 
2, 3, 1, 2, 2, 2, 2, 2, 3), rs5750181 = c(1, 1, 1, 1, 1, 1, 1, 
1, 1, 1), rs4820216 = c(2, 1, 2, 1, 1, 1, 2, 1, 1, 2), rs5756526 = c(1, 
2, 2, 1, 1, 2, 1, 2, 2, 1), rs11704564 = c(1, 2, 1, 1, 1, 2, 
1, 2, 2, 1), rs11913315 = c(1, 2, 1, 1, 1, 2, 1, 2, 2, 1), rs5995708 = c(1, 
2, 1, 1, 1, 2, 1, 2, 2, 1), rs5995717 = c(2, 3, 2, 3, 3, 3, 3, 
2, 2, 2), rs4821947 = c(2, 1, 2, 1, 1, 2, 1, 2, 2, 2), rs12483842 = c(1, 
1, 1, 1, 1, 1, 1, 1, 1, 1), rs4821963 = c(2, 1, 2, 1, 1, 2, 1, 
2, 2, 2), rs4821967 = c(2, 2, 2, 3, 3, 1, 3, 1, 1, 2), rs886319 = c(2, 
3, 2, 3, 3, 2, 3, 2, 2, 2), rs886320 = c(2, 1, 2, 1, 1, 2, 1, 
2, 2, 2), rs17211374 = c(1, 1, 1, 1, 1, 1, 1, 1, 1, 1), rs165829 = c(2, 
3, 2, 3, 3, 2, 3, 2, 2, 2), rs165833 = c(2, 2, 2, 1, 1, 3, 1, 
3, 3, 2), rs177421 = c(2, 2, 1, 3, 3, 1, 3, 1, 1, 2), rs165685 = c(2, 
1, 2, 1, 1, 1, 1, 2, 2, 2), rs17819434 = c(1, 1, 2, 1, 1, 1, 
1, 1, 1, 1), rs5751448 = c(1, 1, 1, 1, 1, 1, 1, 1, 1, 1), rs5759311 = c(3, 
3, 3, 3, 3, 3, 3, 3, 3, 3), rs5759314 = c(3, 3, 3, 3, 3, 3, 3, 
3, 3, 3), rs165674 = c(2, 1, 2, 1, 1, 2, 1, 2, 2, 2), rs12484576 = c(3, 
3, 3, 3, 3, 3, 3, 3, 3, 3), rs165802 = c(2, 1, 2, 1, 1, 2, 1, 
2, 2, 2), rs5759455 = c(3, 3, 3, 3, 3, 3, 3, 3, 3, 3), rs165747 = c(2, 
2, 2, 2, 3, 2, 2, 2, 2, 2), rs2285699 = c(3, 3, 3, 3, 3, 3, 3, 
3, 3, 3), rs165591 = c(2, 1, 2, 1, 1, 2, 1, 3, 2, 2), rs671257 = c(2, 
2, 2, 2, 2, 1, 1, 1, 2, 2), rs165626 = c(3, 3, 3, 3, 2, 3, 3, 
2, 3, 3), rs552823 = c(1, 3, 1, 2, 1, 2, 1, 2, 1, 1), rs13433634 = c(3, 
3, 3, 3, 3, 3, 3, 3, 3, 3), rs1557798 = c(3, 3, 2, 3, 3, 3, 3, 
2, 2, 3), rs5759562 = c(3, 2, 3, 2, 3, 3, 2, 3, 3, 1), rs1108101 = c(1, 
3, 2, 2, 3, 3, 2, 3, 3, 3), rs6003459 = c(3, 1, 2, 2, 1, 1, 2, 
1, 1, 1), rs853129 = c(2, 3, 1, 1, 1, 2, 1, 1, 1, 1), rs562536 = c(1, 
1, 1, 1, 1, 2, 1, 1, 1, 1), rs482165 = c(2, 2, 1, 1, 1, 1, 1, 
1, 1, 1), rs11090300 = c(1, 2, 1, 1, 1, 1, 1, 1, 2, 1), rs623679 = c(2, 
3, 1, 1, 1, 1, 1, 1, 2, 1), rs12628898 = c(2, 1, 3, 3, 3, 3, 
3, 3, 2, 3), rs17818796 = c(1, 3, 1, 1, 1, 1, 1, 1, 2, 1), rs1861078 = c(1, 
3, 1, 1, 1, 2, 1, 1, 2, 1), rs623999 = c(3, 1, 3, 3, 3, 2, 3, 
3, 2, 3), rs5759640 = c(1, 1, 1, 1, 1, 1, 1, 1, 2, 1), rs741192 = c(1, 
1, 1, 2, 1, 2, 1, 1, 2, 1), rs5759659 = c(3, 2, 3, 1, 3, 1, 2, 
3, 2, 3), rs17757910 = c(2, 1, 2, 1, 1, 1, 1, 2, 1, 1), rs9612546 = c(3, 
2, 3, 3, 3, 3, 3, 3, 3, 3), rs741193 = c(3, 2, 2, 3, 2, 2, 2, 
2, 3, 2), rs741194 = c(3, 2, 2, 3, 2, 2, 2, 2, 3, 2), rs2016016 = c(3, 
3, 2, 3, 2, 2, 2, 2, 3, 3), rs12483851 = c(3, 1, 1, 1, 2, 1, 
1, 2, 2, 2), rs673017 = c(3, 3, 3, 2, 3, 3, 2, 3, 3, 2), rs556366 = c(3, 
3, 3, 3, 3, 3, 3, 3, 3, 3), rs612325 = c(2, 2, 1, 1, 2, 1, 1, 
2, 2, 2), rs653137 = c(1, 2, 2, 2, 2, 2, 3, 3, 2, 3), rs5996576 = c(1, 
1, 1, 1, 2, 1, 1, 1, 2, 1), rs674478 = c(1, 1, 1, 1, 2, 1, 1, 
1, 2, 1), rs491228 = c(3, 2, 3, 2, 2, 2, 2, 1, 2, 2), rs5760087 = c(1, 
2, 1, 2, 2, 2, 2, 3, 2, 2), rs1807692 = c(3, 2, 3, 2, 2, 2, 2, 
1, 2, 2), rs6004060 = c(3, 3, 3, 3, 2, 3, 3, 3, 2, 3), rs4820583 = c(3, 
3, 3, 3, 3, 3, 2, 3, 3, 3), rs4461352 = c(3, 3, 3, 3, 3, 3, 3, 
3, 3, 3), rs1558656 = c(1, 2, 1, 2, 2, 2, 2, 3, 2, 2), rs1558657 = c(2, 
2, 3, 3, 3, 3, 2, 3, 3, 3), rs2072513 = c(3, 2, 3, 2, 3, 2, 2, 
1, 3, 2), rs2072514 = c(1, 2, 1, 2, 1, 2, 2, 3, 1, 2), rs2241138 = c(1, 
2, 1, 2, 2, 2, 2, 3, 2, 2), rs5751852 = c(3, 3, 3, 3, 2, 3, 3, 
3, 2, 3), rs738060 = c(1, 1, 1, 1, 1, 1, 2, 1, 1, 1), rs4820588 = c(3, 
2, 3, 2, 3, 2, 2, 1, 3, 2), rs4822497 = c(1, 2, 1, 2, 2, 2, 2, 
3, 2, 2), rs9608386 = c(1, 2, 1, 2, 1, 2, 2, 3, 1, 2), rs165764 = c(3, 
2, 3, 2, 2, 2, 2, 1, 2, 2), rs165818 = c(1, 2, 1, 2, 2, 2, 2, 
3, 2, 2), rs178028 = c(3, 2, 3, 2, 2, 2, 2, 1, 2, 2), rs178029 = c(3, 
2, 3, 2, 2, 2, 2, 1, 2, 2), rs178032 = c(3, 2, 3, 2, 2, 2, 2, 
1, 2, 2), rs165862 = c(2, 2, 3, 2, 2, 2, 2, 1, 2, 2), rs4387909 = c(3, 
3, 3, 3, 3, 3, 3, 3, 3, 3), rs78656 = c(1, 1, 1, 2, 1, 1, 2, 
1, 1, 2), rs178040 = c(3, 3, 3, 2, 3, 3, 2, 3, 3, 2), rs739523 = c(1, 
1, 1, 1, 2, 1, 1, 1, 2, 1), rs178042 = c(1, 2, 1, 2, 2, 2, 2, 
3, 2, 2), rs165622 = c(1, 2, 1, 2, 2, 2, 2, 3, 2, 2), rs165811 = c(1, 
2, 1, 2, 1, 2, 2, 3, 1, 2), rs165902 = c(3, 2, 3, 2, 2, 2, 2, 
1, 2, 2), rs5760765 = c(1, 1, 1, 1, 2, 1, 1, 1, 2, 1), rs165789 = c(3, 
2, 3, 2, 2, 2, 2, 1, 2, 2), rs17758477 = c(1, 1, 2, 1, 2, 1, 
1, 1, 1, 1), rs165644 = c(3, 3, 3, 3, 3, 3, 2, 3, 3, 3), rs3788327 = c(1, 
1, 1, 1, 1, 1, 1, 1, 1, 1), rs1210491 = c(3, 2, 3, 2, 2, 2, 2, 
1, 2, 2), rs165860 = c(3, 2, 3, 2, 2, 2, 2, 1, 2, 2), rs165594 = c(3, 
2, 3, 2, 2, 2, 2, 1, 2, 2), rs165696 = c(3, 2, 3, 2, 3, 2, 2, 
1, 3, 2), rs165641 = c(1, 2, 1, 2, 2, 2, 2, 3, 2, 2), rs165707 = c(3, 
2, 3, 2, 3, 2, 2, 1, 3, 2), rs165888 = c(3, 2, 3, 2, 3, 2, 2, 
1, 3, 2), rs165598 = c(1, 2, 1, 2, 2, 2, 2, 3, 2, 2), rs165623 = c(2, 
2, 1, 1, 1, 1, 2, 1, 1, 1), rs25188 = c(3, 2, 3, 2, 2, 2, 2, 
1, 2, 2), rs10483104 = c(1, 1, 1, 1, 2, 1, 1, 1, 2, 1), rs165873 = c(3, 
2, 3, 2, 2, 2, 2, 1, 2, 2), rs165820 = c(1, 2, 1, 2, 2, 2, 2, 
3, 2, 2), rs178073 = c(1, 2, 1, 2, 1, 2, 2, 2, 1, 2), rs178074 = c(1, 
2, 1, 2, 2, 2, 2, 3, 2, 2), rs5761259 = c(1, 1, 1, 1, 2, 1, 1, 
1, 2, 1), rs178092 = c(1, 2, 1, 2, 1, 2, 2, 3, 1, 2), rs178093 = c(3, 
2, 3, 2, 3, 2, 2, 1, 3, 2), rs2266951 = c(1, 2, 1, 2, 1, 2, 2, 
2, 1, 2), rs12628875 = c(3, 2, 3, 2, 3, 2, 2, 2, 3, 2), rs737893 = c(3, 
2, 3, 2, 3, 2, 2, 2, 3, 2), rs2266953 = c(3, 2, 3, 2, 2, 2, 2, 
2, 2, 2), rs737894 = c(3, 2, 3, 2, 3, 2, 2, 2, 3, 2), rs1043242 = c(3, 
2, 3, 2, 2, 2, 2, 2, 2, 2), rs737895 = c(1, 2, 1, 2, 1, 2, 2, 
2, 1, 2), rs2097674 = c(2, 2, 1, 2, 3, 3, 3, 2, 2, 2), rs178271 = c(1, 
1, 1, 1, 1, 1, 2, 2, 1, 1), rs8139975 = c(1, 1, 1, 1, 1, 1, 1, 
2, 1, 1), rs105034 = c(2, 2, 3, 1, 3, 1, 2, 3, 1, 3), rs178285 = c(2, 
2, 3, 3, 3, 3, 2, 2, 3, 1), rs2269779 = c(1, 2, 1, 1, 1, 1, 1, 
1, 1, 2), rs2073989 = c(2, 1, 1, 2, 2, 1, 2, 2, 2, 1), rs2072066 = c(1, 
1, 1, 1, 1, 1, 1, 1, 1, 1), rs178293 = c(1, 2, 1, 1, 1, 2, 2, 
2, 2, 1), rs3747081 = c(3, 3, 3, 3, 3, 3, 3, 3, 3, 3), rs178296 = c(3, 
3, 3, 3, 3, 2, 2, 2, 2, 3), rs3747084 = c(3, 3, 1, 3, 3, 2, 3, 
3, 3, 3), rs3810602 = c(1, 1, 3, 1, 1, 2, 1, 1, 1, 1), rs369935 = c(1, 
1, 1, 1, 1, 1, 1, 1, 1, 1), rs398577 = c(2, 1, 3, 2, 2, 3, 3, 
3, 3, 1), rs2075274 = c(2, 3, 3, 2, 2, 3, 2, 2, 2, 3), rs2516542 = c(1, 
1, 3, 1, 1, 2, 1, 1, 1, 1), rs2516545 = c(2, 3, 1, 2, 2, 2, 2, 
2, 2, 3), rs399647 = c(3, 3, 3, 3, 3, 2, 2, 2, 2, 3), rs3761410 = c(1, 
1, 1, 1, 1, 2, 2, 2, 2, 1), rs2014648 = c(3, 3, 3, 3, 3, 2, 2, 
2, 2, 3), rs9625334 = c(1, 3, 3, 2, 1, 2, 2, 2, 2, 2), rs2541943 = c(1, 
2, 1, 2, 1, 1, 1, 1, 1, 2), rs2277838 = c(2, 2, 3, 3, 2, 2, 3, 
3, 3, 3), rs929671 = c(3, 3, 3, 2, 2, 3, 2, 3, 2, 3), rs2075278 = c(3, 
3, 3, 3, 3, 3, 3, 2, 3, 3), rs2072549 = c(2, 2, 3, 3, 2, 2, 3, 
3, 3, 3), rs5752500 = c(1, 1, 1, 1, 1, 1, 2, 2, 1, 1), rs12627919 = c(3, 
3, 3, 3, 3, 3, 2, 2, 3, 3), rs402308 = c(1, 1, 1, 1, 1, 1, 1, 
1, 1, 1), rs12168111 = c(1, 1, 1, 2, 1, 2, 1, 2, 1, 3), rs6005418 = c(1, 
1, 1, 1, 1, 1, 2, 2, 1, 1), rs447258 = c(3, 1, 2, 2, 1, 2, 2, 
2, 2, 3), rs410356 = c(2, 3, 2, 3, 3, 3, 2, 3, 2, 3), rs1210575 = c(2, 
3, 2, 3, 3, 3, 3, 3, 2, 3), rs16989070 = c(3, 3, 3, 3, 3, 3, 
3, 3, 3, 3), rs2075270 = c(1, 1, 1, 1, 1, 1, 2, 1, 1, 1), rs422942 = c(2, 
3, 2, 3, 3, 3, 3, 3, 2, 3), rs2072554 = c(1, 1, 1, 1, 1, 1, 1, 
1, 1, 1), rs408718 = c(2, 3, 2, 3, 3, 3, 2, 3, 2, 3), rs421166 = c(3, 
1, 2, 2, 1, 2, 2, 2, 2, 3), rs405539 = c(3, 2, 2, 2, 1, 2, 2, 
2, 2, 3), rs9613625 = c(3, 3, 3, 3, 3, 3, 2, 3, 3, 3), rs9613641 = c(2, 
3, 3, 2, 3, 2, 3, 3, 3, 1), rs17759002 = c(2, 1, 1, 2, 1, 2, 
1, 1, 1, 3), rs450710 = c(3, 2, 3, 3, 3, 3, 3, 3, 3, 3), rs6005625 = c(2, 
3, 3, 2, 3, 2, 3, 3, 3, 1), rs1210601 = c(1, 2, 1, 1, 1, 1, 1, 
1, 1, 1), rs433457 = c(3, 3, 2, 3, 3, 1, 3, 3, 1, 3), rs140391 = c(1, 
1, 1, 2, 3, 2, 2, 3, 1, 3), rs140392 = c(3, 3, 3, 2, 2, 3, 2, 
3, 2, 2), rs2845421 = c(3, 3, 3, 3, 3, 2, 3, 3, 3, 3), rs9606786 = c(1, 
1, 1, 1, 1, 2, 1, 1, 1, 1), rs368232 = c(2, 2, 1, 2, 2, 1, 2, 
1, 2, 2), rs460106 = c(1, 1, 2, 3, 2, 2, 1, 1, 2, 1), rs5997982 = c(1, 
1, 2, 1, 1, 1, 1, 1, 1, 1), rs5754102 = c(3, 3, 3, 2, 2, 3, 3, 
3, 1, 3), rs140498 = c(3, 3, 3, 2, 2, 3, 3, 3, 1, 3), rs140499 = c(1, 
1, 1, 2, 2, 1, 1, 1, 3, 1), rs2266961 = c(1, 1, 1, 2, 2, 1, 1, 
1, 3, 1), rs181359 = c(3, 3, 3, 2, 2, 3, 3, 3, 1, 3), rs181360 = c(3, 
3, 3, 2, 2, 3, 3, 3, 1, 3), rs181362 = c(1, 1, 1, 2, 2, 1, 1, 
1, 3, 1), rs5754217 = c(1, 1, 1, 2, 2, 1, 1, 1, 3, 1), rs12484550 = c(1, 
1, 1, 2, 2, 1, 1, 1, 3, 1), rs5998599 = c(1, 1, 1, 2, 2, 1, 1, 
1, 3, 1), rs4821108 = c(3, 3, 3, 2, 2, 3, 3, 3, 1, 3), rs453343 = c(1, 
2, 1, 1, 1, 1, 1, 1, 1, 1), rs5754387 = c(3, 3, 3, 2, 2, 3, 3, 
3, 1, 3), rs861854 = c(2, 1, 1, 1, 1, 2, 2, 2, 1, 1), rs11705259 = c(3, 
3, 3, 3, 3, 3, 3, 3, 3, 3), rs5998835 = c(3, 3, 3, 3, 3, 3, 3, 
3, 3, 3), rs1947 = c(3, 3, 3, 3, 3, 3, 3, 3, 3, 3), rs374659 = c(2, 
1, 1, 1, 1, 1, 2, 1, 1, 1), rs447001 = c(1, 3, 2, 2, 2, 1, 1, 
3, 3, 3), rs1669125 = c(2, 1, 1, 1, 2, 1, 2, 1, 2, 1), rs3788329 = c(2, 
1, 2, 2, 2, 3, 2, 1, 1, 1), rs11703445 = c(2, 3, 2, 2, 2, 1, 
2, 3, 3, 3), rs861833 = c(2, 1, 1, 1, 1, 1, 2, 1, 1, 1), rs396913 = c(1, 
3, 2, 2, 1, 1, 1, 3, 2, 2), rs7291614 = c(2, 1, 2, 2, 2, 3, 2, 
1, 1, 2), rs861831 = c(2, 3, 3, 3, 3, 3, 2, 3, 3, 3), rs436496 = c(1, 
3, 2, 2, 1, 1, 1, 3, 2, 2), rs12170039 = c(2, 3, 2, 2, 2, 1, 
2, 3, 3, 2), rs861818 = c(2, 1, 1, 1, 1, 1, 2, 1, 1, 1), rs861817 = c(3, 
3, 3, 3, 3, 3, 3, 3, 3, 3), rs762349 = c(3, 3, 3, 3, 2, 3, 3, 
3, 2, 3), rs5749696 = c(3, 1, 1, 2, 1, 3, 2, 1, 1, 1), rs710171 = c(2, 
1, 1, 1, 1, 1, 2, 1, 1, 1), rs17821327 = c(2, 3, 3, 3, 3, 3, 
2, 3, 3, 3), rs7285365 = c(2, 1, 1, 2, 1, 1, 1, 1, 1, 1), rs7290787 = c(1, 
1, 1, 1, 1, 1, 1, 1, 1, 1), rs7292106 = c(1, 1, 1, 1, 1, 1, 1, 
1, 1, 1), rs12172286 = c(1, 1, 1, 1, 1, 1, 1, 1, 1, 1), rs717121 = c(2, 
1, 1, 1, 1, 1, 2, 1, 2, 1), rs743407 = c(3, 2, 1, 3, 1, 3, 2, 
2, 2, 2), rs5999264 = c(1, 2, 1, 1, 1, 1, 2, 2, 1, 2), rs9610216 = c(2, 
1, 1, 3, 1, 3, 1, 1, 1, 2), rs5754927 = c(3, 3, 3, 3, 3, 3, 3, 
3, 3, 3), rs5749792 = c(1, 1, 1, 1, 1, 1, 1, 1, 1, 1), rs5754968 = c(1, 
1, 1, 1, 1, 1, 1, 1, 1, 1), rs5754970 = c(1, 1, 1, 1, 1, 1, 1, 
1, 1, 1), rs5749811 = c(1, 1, 1, 1, 1, 1, 1, 1, 1, 1), rs8139376 = c(2, 
3, 3, 2, 3, 1, 2, 3, 3, 2), rs3810608 = c(2, 3, 3, 2, 3, 1, 3, 
3, 3, 3), rs2276005 = c(3, 3, 3, 3, 3, 3, 3, 3, 3, 3), rs2276006 = c(1, 
1, 1, 1, 1, 1, 1, 1, 1, 1), rs6928 = c(2, 2, 1, 2, 1, 3, 2, 2, 
1, 2), rs13515 = c(1, 1, 1, 1, 1, 1, 2, 1, 1, 1), rs17759598 = c(3, 
3, 3, 3, 3, 3, 2, 3, 3, 3), rs9607287 = c(2, 2, 1, 2, 1, 3, 2, 
2, 1, 2), rs2266968 = c(3, 3, 3, 3, 3, 3, 3, 3, 3, 3), rs2266969 = c(2, 
3, 3, 2, 3, 1, 2, 3, 3, 2), rs7286558 = c(1, 2, 1, 1, 1, 1, 1, 
2, 1, 1), rs9607298 = c(2, 3, 3, 2, 3, 1, 2, 3, 3, 2), rs1892846 = c(2, 
2, 1, 2, 1, 3, 2, 2, 1, 2), rs17759796 = c(3, 3, 3, 3, 3, 3, 
2, 3, 3, 3), rs8141815 = c(3, 3, 3, 3, 2, 3, 3, 3, 3, 3), rs9610470 = c(2, 
3, 3, 2, 3, 1, 3, 3, 3, 3), rs9610487 = c(2, 3, 3, 2, 3, 1, 3, 
3, 3, 3), rs4821401 = c(3, 3, 3, 3, 3, 3, 3, 3, 3, 3), rs9610496 = c(2, 
1, 1, 2, 1, 3, 1, 1, 1, 1), rs5755745 = c(3, 3, 3, 3, 3, 3, 3, 
3, 3, 3), rs9610536 = c(3, 3, 3, 3, 3, 3, 3, 3, 3, 3), rs7285260 = c(3, 
3, 3, 3, 3, 3, 3, 3, 3, 2), rs8137156 = c(2, 3, 3, 3, 3, 1, 2, 
3, 3, 3), rs13054366 = c(3, 3, 3, 3, 3, 3, 3, 3, 3, 3), rs8139622 = c(2, 
3, 3, 3, 3, 3, 3, 3, 3, 2), rs17759843 = c(2, 2, 2, 3, 2, 3, 
3, 3, 2, 3), rs2070507 = c(1, 1, 1, 1, 1, 1, 1, 1, 1, 1), rs894095 = c(2, 
1, 1, 2, 2, 3, 2, 3, 1, 2), rs2099792 = c(3, 3, 3, 3, 3, 1, 3, 
2, 3, 3), rs5995248 = c(2, 3, 3, 3, 3, 3, 3, 3, 3, 2), rs2027790 = c(2, 
3, 3, 2, 2, 1, 2, 1, 3, 2), rs240068 = c(3, 3, 3, 2, 2, 1, 2, 
1, 3, 3), rs12152192 = c(3, 3, 3, 2, 3, 3, 3, 2, 3, 3), rs381523 = c(1, 
1, 1, 2, 2, 3, 2, 3, 1, 1), rs412050 = c(3, 3, 3, 3, 2, 3, 2, 
3, 3, 3), rs239915 = c(3, 3, 3, 3, 2, 3, 2, 3, 3, 3), rs9610750 = c(3, 
3, 3, 2, 3, 3, 3, 2, 3, 3), rs2266977 = c(3, 3, 3, 2, 3, 3, 3, 
2, 3, 3), rs2266978 = c(3, 3, 3, 2, 3, 3, 3, 2, 3, 3), rs5756324 = c(3, 
3, 3, 2, 3, 1, 3, 1, 3, 3), rs9607482 = c(3, 3, 3, 3, 3, 3, 3, 
2, 3, 3), rs17821866 = c(3, 3, 3, 3, 2, 3, 2, 3, 3, 3), rs5756378 = c(2, 
3, 3, 3, 3, 3, 3, 3, 3, 3), rs12159264 = c(1, 1, 1, 1, 2, 1, 
2, 1, 1, 1), rs1016547 = c(1, 1, 1, 1, 2, 1, 2, 1, 1, 1), rs1016548 = c(1, 
1, 1, 1, 2, 1, 2, 1, 1, 1), rs402909 = c(1, 1, 1, 1, 1, 1, 1, 
1, 1, 1), rs405698 = c(3, 3, 3, 3, 3, 1, 2, 3, 3, 3), rs9610872 = c(1, 
1, 1, 1, 1, 3, 2, 1, 1, 1), rs9610879 = c(3, 3, 3, 3, 3, 1, 2, 
3, 3, 3), rs367753 = c(3, 3, 3, 3, 3, 3, 3, 3, 3, 3), rs436484 = c(3, 
3, 3, 3, 3, 1, 2, 3, 3, 3), rs444597 = c(3, 3, 3, 3, 3, 1, 2, 
3, 3, 3), rs409381 = c(1, 1, 1, 1, 1, 3, 2, 1, 1, 1), rs6000656 = c(3, 
3, 3, 3, 3, 1, 2, 3, 3, 3), rs366116 = c(3, 3, 1, 2, 3, 2, 2, 
3, 3, 1), rs1372070 = c(1, 2, 1, 1, 1, 3, 2, 2, 1, 2), rs986646 = c(3, 
3, 3, 3, 3, 3, 3, 3, 3, 3), rs4145409 = c(3, 2, 3, 3, 3, 2, 2, 
2, 3, 3), rs2276451 = c(2, 1, 2, 2, 3, 3, 2, 3, 3, 3), rs5756711 = c(2, 
3, 2, 2, 1, 1, 2, 1, 1, 1), rs8141581 = c(2, 3, 3, 3, 2, 3, 3, 
2, 3, 1), rs762471 = c(1, 1, 2, 2, 2, 3, 2, 2, 3, 1), rs743523 = c(2, 
1, 2, 2, 3, 3, 2, 3, 3, 3), rs5756725 = c(3, 2, 3, 3, 3, 3, 3, 
3, 3, 3), rs5756726 = c(3, 2, 3, 3, 3, 3, 3, 3, 3, 3), rs5756727 = c(1, 
2, 1, 1, 1, 1, 1, 1, 1, 1), rs4413248 = c(1, 2, 1, 1, 1, 1, 1, 
1, 1, 1), rs5750456 = c(2, 2, 3, 3, 2, 3, 3, 2, 3, 1), rs17820606 = c(1, 
1, 1, 1, 1, 1, 1, 1, 1, 1), rs6000825 = c(2, 1, 1, 1, 2, 1, 1, 
2, 1, 3), rs6519111 = c(2, 3, 3, 3, 2, 2, 3, 2, 3, 1), rs16982444 = c(1, 
1, 1, 1, 1, 1, 1, 1, 1, 1), rs5750465 = c(3, 2, 2, 2, 2, 2, 2, 
2, 3, 3), rs9610967 = c(3, 3, 3, 3, 3, 3, 3, 3, 3, 3), rs5750467 = c(1, 
1, 1, 1, 1, 1, 1, 1, 3, 1), rs9607545 = c(3, 3, 3, 3, 3, 3, 3, 
3, 3, 3), rs9622817 = c(1, 2, 1, 1, 1, 1, 1, 1, 1, 1), rs5756762 = c(2, 
3, 2, 2, 3, 3, 2, 3, 1, 3), rs4821685 = c(1, 1, 1, 1, 1, 1, 1, 
1, 1, 1), rs5750483 = c(2, 2, 2, 2, 1, 1, 2, 1, 3, 1), rs7286044 = c(1, 
1, 1, 1, 1, 1, 1, 1, 1, 1), rs2329928 = c(2, 2, 2, 2, 1, 1, 2, 
1, 3, 1), rs6000874 = c(3, 3, 3, 3, 3, 3, 3, 3, 3, 3), rs713636 = c(3, 
2, 3, 1, 3, 2, 1, 2, 2, 3), rs1894250 = c(3, 2, 3, 1, 3, 2, 1, 
2, 2, 3), rs4820309 = c(2, 3, 2, 3, 3, 2, 3, 2, 3, 1), rs16983076 = c(3, 
3, 3, 3, 3, 3, 3, 3, 2, 3), rs16983131 = c(3, 3, 3, 3, 3, 3, 
3, 3, 2, 3), rs6000948 = c(2, 2, 2, 3, 3, 2, 3, 2, 3, 1), rs7290437 = c(1, 
1, 1, 1, 1, 1, 1, 1, 2, 1), rs7287088 = c(1, 1, 1, 1, 1, 1, 1, 
1, 2, 1), rs5750521 = c(2, 2, 2, 1, 1, 2, 1, 2, 2, 3), rs6000973 = c(2, 
3, 2, 1, 1, 2, 1, 2, 1, 2), rs13057383 = c(1, 2, 1, 1, 1, 1, 
1, 1, 1, 1), rs4287862 = c(2, 3, 1, 2, 2, 3, 3, 3, 3, 3), rs9622920 = c(3, 
3, 3, 3, 3, 2, 1, 2, 3, 3), rs5750578 = c(2, 2, 3, 3, 3, 1, 1, 
2, 3, 1), rs5757051 = c(1, 1, 1, 1, 1, 2, 3, 2, 1, 1), rs5757080 = c(3, 
1, 3, 2, 2, 3, 3, 2, 1, 3), rs5757082 = c(3, 3, 3, 3, 3, 3, 3, 
3, 3, 3), rs738902 = c(2, 3, 1, 2, 2, 3, 3, 3, 3, 3), rs6001123 = c(2, 
3, 3, 3, 3, 2, 3, 3, 3, 1), rs10483108 = c(1, 1, 1, 1, 1, 2, 
3, 2, 1, 1), rs16984675 = c(2, 1, 1, 1, 1, 2, 1, 1, 1, 3), rs11912149 = c(1, 
1, 1, 1, 1, 1, 1, 1, 1, 1), rs7287315 = c(2, 3, 3, 3, 3, 2, 3, 
3, 3, 1), rs12485106 = c(3, 2, 3, 3, 3, 3, 3, 3, 3, 3), rs5757108 = c(3, 
3, 3, 3, 3, 3, 3, 3, 3, 3), rs987710 = c(3, 1, 3, 2, 2, 2, 1, 
1, 1, 3), rs6001142 = c(2, 3, 3, 3, 3, 2, 3, 3, 3, 1), rs9619811 = c(3, 
3, 3, 3, 3, 2, 1, 2, 3, 3), rs5757120 = c(2, 3, 1, 2, 2, 3, 3, 
3, 3, 3), rs738885 = c(2, 1, 3, 2, 2, 1, 1, 1, 1, 1), rs737841 = c(3, 
3, 3, 3, 3, 2, 1, 2, 3, 3), rs5757137 = c(1, 1, 1, 1, 1, 1, 1, 
1, 1, 1), rs2877021 = c(3, 2, 3, 3, 3, 2, 1, 2, 3, 3), rs2330014 = c(3, 
2, 3, 3, 3, 2, 1, 2, 3, 3), rs4820338 = c(2, 2, 1, 1, 1, 3, 3, 
2, 2, 2), rs762469 = c(2, 3, 1, 2, 2, 3, 3, 3, 3, 3), rs5757170 = c(2, 
2, 3, 2, 2, 3, 3, 2, 2, 2), rs5757171 = c(2, 2, 3, 2, 2, 3, 3, 
2, 2, 2), rs5995601 = c(1, 2, 1, 1, 1, 2, 1, 2, 2, 2), rs16985150 = c(1, 
1, 1, 1, 1, 2, 1, 1, 2, 2), rs5757244 = c(1, 1, 1, 1, 2, 3, 3, 
1, 2, 2), rs5757246 = c(2, 2, 3, 2, 2, 1, 1, 2, 1, 1), rs1076851 = c(1, 
1, 1, 1, 2, 3, 3, 1, 2, 2), rs743520 = c(1, 1, 1, 1, 2, 3, 3, 
1, 2, 2), rs5750674 = c(2, 2, 3, 2, 2, 1, 1, 2, 1, 1), rs5757259 = c(3, 
3, 3, 3, 2, 1, 1, 3, 2, 2), rs9607653 = c(2, 2, 1, 2, 1, 1, 1, 
2, 2, 2), rs9607654 = c(2, 2, 3, 2, 3, 3, 3, 2, 2, 2), rs5757264 = c(3, 
3, 3, 3, 3, 3, 3, 3, 2, 2), rs6001213 = c(1, 2, 1, 1, 2, 3, 3, 
2, 1, 2), rs10483109 = c(1, 2, 1, 1, 1, 1, 1, 2, 1, 1), rs5995615 = c(3, 
3, 3, 3, 2, 1, 1, 3, 3, 2), rs928894 = c(3, 2, 3, 3, 2, 1, 1, 
2, 3, 2), rs5995616 = c(1, 1, 1, 1, 2, 3, 3, 1, 1, 2), rs7287611 = c(3, 
3, 3, 3, 3, 3, 3, 3, 3, 2), rs5995628 = c(3, 3, 3, 3, 2, 1, 1, 
3, 3, 2), rs4821846 = c(2, 3, 2, 3, 3, 3, 3, 3, 3, 2), rs4820360 = c(1, 
2, 1, 1, 1, 1, 1, 1, 1, 1), rs738867 = c(2, 1, 3, 2, 1, 2, 2, 
1, 1, 2), rs738873 = c(2, 3, 1, 2, 3, 2, 2, 3, 3, 2), rs5757427 = c(1, 
2, 2, 3, 2, 3, 2, 2, 2, 2), rs17490152 = c(3, 3, 3, 3, 3, 3, 
2, 3, 3, 2), rs1029267 = c(3, 2, 2, 1, 2, 1, 2, 2, 2, 1), rs5757478 = c(2, 
3, 2, 3, 3, 3, 3, 3, 3, 3), rs8142814 = c(3, 2, 2, 1, 2, 3, 3, 
2, 2, 1), rs13057369 = c(3, 3, 3, 3, 2, 3, 3, 3, 3, 2), rs6001472 = c(1, 
1, 1, 1, 1, 2, 1, 1, 1, 1), rs12627811 = c(1, 1, 2, 2, 1, 1, 
1, 1, 1, 1), rs9623112 = c(3, 3, 2, 2, 3, 3, 3, 3, 3, 3), rs9623113 = c(3, 
3, 2, 2, 3, 3, 3, 3, 3, 3), rs5995706 = c(3, 2, 2, 1, 2, 2, 3, 
3, 3, 2), rs7286018 = c(3, 2, 2, 1, 2, 2, 3, 3, 3, 2), rs7289754 = c(2, 
2, 1, 2, 3, 1, 2, 3, 1, 3), rs1320 = c(3, 3, 3, 3, 2, 1, 3, 3, 
3, 3), rs6001581 = c(3, 2, 2, 2, 2, 2, 2, 1, 3, 2), rs10745051 = c(3, 
3, 3, 3, 3, 3, 3, 3, 2, 3), rs2329979 = c(1, 2, 1, 2, 2, 2, 1, 
1, 1, 2), rs5995828 = c(3, 2, 3, 2, 2, 2, 3, 3, 3, 2), rs5757912 = c(3, 
3, 2, 3, 3, 3, 3, 3, 3, 3), rs5757914 = c(1, 1, 2, 1, 1, 1, 1, 
1, 1, 1), rs9306352 = c(1, 1, 1, 1, 2, 1, 1, 1, 1, 1), rs12484044 = c(3, 
3, 3, 2, 3, 3, 3, 3, 3, 3), rs16987355 = c(3, 3, 3, 3, 3, 3, 
3, 3, 3, 3), rs12169829 = c(3, 2, 3, 2, 1, 2, 3, 3, 3, 3), rs5757973 = c(3, 
3, 3, 3, 3, 2, 3, 3, 3, 3), rs12165717 = c(1, 1, 1, 1, 2, 1, 
1, 1, 1, 1), rs4820414 = c(3, 2, 3, 3, 2, 2, 3, 3, 2, 2), rs8139459 = c(2, 
1, 2, 3, 2, 1, 1, 2, 1, 1), rs1985918 = c(2, 3, 2, 1, 3, 3, 3, 
2, 3, 3), rs6002024 = c(2, 3, 2, 1, 3, 3, 3, 2, 3, 3), rs6002026 = c(2, 
1, 2, 3, 1, 1, 1, 2, 1, 1), rs6002030 = c(2, 1, 2, 2, 1, 1, 1, 
2, 1, 1), rs5758086 = c(3, 2, 3, 3, 1, 1, 3, 2, 1, 1), rs5995959 = c(1, 
2, 1, 1, 1, 1, 1, 1, 1, 1), rs5751047 = c(2, 2, 2, 3, 3, 3, 2, 
3, 2, 3), rs7286936 = c(1, 1, 1, 1, 1, 1, 1, 1, 1, 1), rs2156885 = c(1, 
1, 1, 1, 1, 1, 1, 1, 1, 1), rs6002288 = c(3, 3, 2, 2, 2, 3, 3, 
3, 3, 3), rs1894242 = c(1, 1, 1, 1, 1, 1, 1, 2, 1, 1), rs5758358 = c(1, 
2, 1, 1, 2, 1, 2, 3, 2, 2), rs12160221 = c(1, 1, 1, 1, 1, 1, 
1, 2, 1, 1), rs7510967 = c(1, 1, 1, 1, 1, 1, 1, 2, 1, 1), rs12159849 = c(3, 
3, 3, 3, 3, 3, 3, 2, 3, 3), rs6002397 = c(1, 1, 1, 1, 1, 1, 1, 
1, 1, 1), rs1076108 = c(3, 3, 3, 3, 3, 3, 3, 2, 3, 3), rs9623606 = c(3, 
3, 3, 3, 3, 3, 3, 2, 3, 3), rs874991 = c(1, 1, 1, 1, 1, 1, 1, 
2, 1, 1), rs377976 = c(3, 2, 3, 3, 3, 3, 2, 3, 2, 3), rs388921 = c(1, 
2, 1, 1, 1, 1, 2, 2, 2, 1), rs414781 = c(1, 2, 1, 1, 1, 1, 2, 
1, 2, 1), rs398182 = c(1, 2, 1, 1, 1, 1, 2, 1, 2, 1), rs5751168 = c(1, 
2, 1, 1, 1, 1, 2, 1, 2, 1), rs5018574 = c(3, 2, 3, 3, 3, 3, 2, 
3, 2, 3), rs5751179 = c(3, 2, 3, 3, 3, 3, 2, 2, 2, 3), rs2330097 = c(1, 
2, 1, 1, 1, 1, 2, 1, 2, 1), rs362230 = c(1, 1, 1, 1, 2, 1, 1, 
1, 1, 1), rs8405 = c(3, 3, 3, 3, 3, 3, 3, 2, 3, 3), rs467133 = c(1, 
2, 1, 2, 2, 1, 1, 1, 1, 1), rs5751324 = c(3, 2, 3, 3, 3, 3, 3, 
3, 3, 3), rs5758942 = c(2, 2, 1, 2, 1, 1, 3, 1, 2, 1), rs4306796 = c(2, 
2, 1, 2, 2, 1, 3, 1, 2, 1), rs4820495 = c(2, 2, 1, 2, 2, 1, 3, 
1, 2, 1), rs2164666 = c(2, 2, 2, 2, 2, 3, 1, 3, 2, 3), rs5759050 = c(2, 
2, 2, 2, 2, 3, 1, 3, 2, 3), rs1550184 = c(2, 2, 1, 2, 2, 1, 3, 
1, 2, 1), rs6003182 = c(2, 1, 1, 1, 2, 1, 1, 1, 1, 2), rs6003185 = c(2, 
3, 3, 3, 2, 3, 3, 3, 3, 2), rs463137 = c(3, 3, 2, 2, 2, 3, 2, 
3, 2, 3), rs4481090 = c(2, 3, 3, 3, 2, 3, 3, 3, 3, 2), rs2330132 = c(2, 
1, 1, 1, 2, 1, 1, 1, 1, 2), rs441120 = c(3, 3, 2, 3, 3, 3, 3, 
3, 3, 2), rs6003222 = c(3, 3, 3, 3, 3, 3, 1, 3, 3, 3), rs5751511 = c(3, 
3, 3, 3, 3, 3, 3, 3, 3, 3), rs5759370 = c(3, 3, 3, 3, 3, 3, 3, 
3, 3, 3), rs6003227 = c(3, 3, 3, 3, 3, 3, 2, 3, 3, 2), rs12165881 = c(3, 
3, 3, 3, 3, 3, 3, 3, 3, 3), rs6003236 = c(1, 1, 1, 1, 1, 1, 1, 
1, 1, 1), rs4822294 = c(1, 2, 1, 3, 1, 3, 3, 1, 2, 1), rs8140385 = c(1, 
1, 1, 1, 1, 1, 1, 1, 2, 1), rs11703325 = c(3, 3, 3, 3, 3, 3, 
3, 3, 3, 3), rs5996360 = c(3, 3, 3, 3, 1, 3, 3, 3, 3, 2), rs6003246 = c(3, 
3, 3, 3, 1, 3, 3, 3, 3, 2), rs11090174 = c(1, 1, 1, 1, 3, 1, 
1, 1, 1, 2), rs10854762 = c(3, 3, 3, 3, 1, 3, 3, 3, 3, 2), rs6003256 = c(3, 
3, 3, 3, 1, 3, 3, 3, 3, 2), rs6003258 = c(3, 3, 3, 3, 1, 3, 3, 
3, 3, 2), rs7288354 = c(3, 3, 3, 3, 3, 3, 3, 3, 3, 3), rs2520085 = c(2, 
3, 3, 3, 3, 3, 3, 3, 3, 3), rs5759428 = c(3, 2, 3, 1, 3, 1, 1, 
3, 2, 3), rs11090179 = c(3, 3, 3, 3, 3, 3, 3, 2, 2, 3), rs6003283 = c(3, 
3, 3, 3, 3, 3, 3, 3, 3, 2), rs6003293 = c(3, 3, 3, 3, 3, 3, 3, 
3, 3, 2), rs6003294 = c(1, 1, 1, 1, 1, 1, 1, 1, 1, 2), rs12162956 = c(3, 
2, 3, 1, 3, 1, 1, 3, 2, 3), rs17508955 = c(3, 2, 3, 2, 3, 1, 
2, 3, 3, 3), rs6003306 = c(1, 1, 1, 1, 1, 1, 1, 2, 1, 1), rs6003308 = c(3, 
3, 3, 3, 3, 3, 3, 2, 3, 3), rs12157440 = c(1, 1, 1, 1, 1, 1, 
1, 2, 1, 1), rs12484283 = c(3, 3, 3, 3, 3, 3, 3, 3, 3, 3), rs6003333 = c(3, 
3, 3, 3, 3, 3, 3, 3, 3, 3), rs739417 = c(2, 1, 1, 1, 3, 1, 1, 
1, 1, 1), rs12483821 = c(3, 3, 3, 3, 3, 3, 3, 3, 3, 3), rs367216 = c(1, 
1, 2, 1, 1, 1, 1, 1, 1, 1), rs5751559 = c(2, 2, 2, 1, 1, 2, 1, 
1, 1, 1), rs5759504 = c(2, 2, 2, 3, 3, 2, 3, 3, 3, 3), rs5759523 = c(3, 
2, 3, 3, 3, 3, 3, 3, 3, 3), rs2854096 = c(3, 2, 3, 3, 3, 3, 3, 
3, 3, 3), rs2854097 = c(3, 2, 3, 3, 3, 3, 2, 3, 3, 3), rs455941 = c(3, 
3, 3, 2, 3, 3, 3, 2, 3, 2), rs463185 = c(2, 1, 2, 1, 1, 1, 2, 
1, 1, 1), rs451115 = c(2, 1, 2, 1, 1, 1, 2, 1, 1, 1), rs418064 = c(3, 
3, 3, 2, 3, 2, 3, 2, 2, 2), rs11090195 = c(1, 1, 1, 1, 1, 2, 
1, 1, 2, 1), rs394409 = c(1, 1, 1, 2, 1, 2, 1, 2, 2, 2), rs374167 = c(3, 
2, 3, 2, 3, 1, 2, 2, 2, 2), rs8135996 = c(1, 2, 1, 1, 1, 2, 1, 
1, 1, 1), rs429942 = c(3, 3, 3, 2, 3, 2, 3, 2, 3, 2), rs419625 = c(3, 
3, 3, 2, 3, 2, 3, 2, 3, 2), rs457938 = c(2, 1, 1, 1, 1, 2, 1, 
1, 2, 1), rs7288450 = c(2, 2, 2, 2, 3, 1, 2, 2, 2, 1), rs461915 = c(2, 
3, 3, 3, 3, 2, 3, 3, 2, 3), rs8139942 = c(1, 1, 1, 1, 1, 1, 1, 
1, 1, 1), rs455929 = c(2, 1, 1, 1, 2, 2, 1, 1, 2, 1), rs6003397 = c(2, 
3, 3, 2, 2, 3, 3, 3, 3, 3), rs5996424 = c(3, 3, 3, 2, 2, 2, 2, 
3, 2, 2), rs11090196 = c(2, 3, 3, 2, 2, 3, 3, 3, 3, 3), rs11705658 = c(2, 
1, 1, 2, 2, 1, 1, 1, 1, 1), rs9612178 = c(3, 3, 3, 2, 2, 3, 2, 
3, 2, 2), rs2013551 = c(2, 3, 3, 1, 1, 3, 2, 3, 2, 2), rs8141267 = c(3, 
3, 3, 2, 3, 3, 3, 3, 3, 2), rs877728 = c(2, 3, 3, 1, 1, 3, 2, 
3, 2, 2), rs882097 = c(2, 1, 1, 3, 3, 1, 2, 1, 2, 2), rs11090204 = c(2, 
3, 3, 2, 2, 3, 3, 3, 3, 3), rs765744 = c(2, 1, 1, 3, 3, 1, 2, 
1, 2, 2), rs9623992 = c(3, 3, 3, 2, 2, 3, 2, 3, 2, 2), rs9612188 = c(2, 
3, 3, 2, 2, 3, 3, 3, 3, 3), rs9306382 = c(3, 3, 3, 2, 2, 3, 2, 
3, 2, 2), rs1023358 = c(2, 1, 1, 3, 3, 1, 2, 1, 2, 2), rs6003465 = c(2, 
3, 3, 2, 2, 3, 3, 2, 3, 3), rs1297466 = c(3, 2, 3, 3, 3, 2, 3, 
3, 2, 2), rs5996451 = c(2, 1, 1, 3, 3, 1, 2, 2, 2, 2), rs6003475 = c(2, 
1, 1, 3, 3, 1, 2, 2, 2, 2), rs6003478 = c(2, 1, 1, 3, 3, 1, 2, 
2, 2, 2), rs5996454 = c(2, 1, 1, 1, 2, 1, 1, 2, 1, 1), rs6003482 = c(2, 
1, 1, 1, 2, 1, 1, 2, 1, 1), rs5996456 = c(2, 3, 3, 3, 2, 3, 3, 
3, 3, 3)), .Names = c("rs2259866", "rs10875504", "rs7339773", 
"rs7339863", "rs8190183", "rs6010298", "rs8137605", "rs5748589", 
"rs5992715", "rs131532", "rs5748626", "rs5748640", "rs4010554", 
"rs2027653", "rs17344604", "rs7410309", "rs4010319", "rs4010266", 
"rs2379980", "rs5747561", "rs2070501", "rs11089264", "rs12172265", 
"rs2096537", "rs9604959", "rs9606003", "rs9604964", "rs5993821", 
"rs9507980", "rs11703273", "rs9605028", "rs1892844", "rs12106650", 
"rs16981497", "rs2845372", "rs5748567", "rs2215076", "rs2845379", 
"rs11704471", "rs16981635", "rs1807512", "rs4819531", "rs5748593", 
"rs2159071", "rs5993996", "rs5746887", "rs12169397", "rs2190742", 
"rs5748614", "rs5748621", "rs4819887", "rs2108583", "rs5746896", 
"rs7511517", "rs7286066", "rs11089347", "rs8141920", "rs7284785", 
"rs5748636", "rs5748648", "rs738045", "rs5746899", "rs4819892", 
"rs2385715", "rs5748654", "rs2072467", "rs2072466", "rs5746901", 
"rs9306239", "rs8138409", "rs5994025", "rs175138", "rs175139", 
"rs175140", "rs175146", "rs175149", "rs165706", "rs175151", "rs5746906", 
"rs165670", "rs165910", "rs9605158", "rs165709", "rs165810", 
"rs175154", "rs165927", "rs9617920", "rs165612", "rs2041608", 
"rs12169910", "rs16981786", "rs11089351", "rs165705", "rs7291500", 
"rs738043", "rs9606527", "rs5994087", "rs16981824", "rs16981833", 
"rs7288841", "rs8136206", "rs1990485", "rs9306241", "rs759081", 
"rs2385782", "rs5992587", "rs5748744", "rs9306242", "rs5994097", 
"rs17806382", "rs5748748", "rs5994098", "rs5748749", "rs5748756", 
"rs933461", "rs2215725", "rs5992593", "rs7510758", "rs5748759", 
"rs5748760", "rs5748761", "rs11703085", "rs9618948", "rs11702945", 
"rs11704537", "rs759078", "rs5994110", "rs11089387", "rs9606550", 
"rs1024732", "rs11913448", "rs5748766", "rs11704401", "rs757630", 
"rs5748771", "rs4819932", "rs11702971", "rs11703756", "rs4819935", 
"rs5746955", "rs5748798", "rs917838", "rs2192155", "rs5748809", 
"rs2399168", "rs4819945", "rs2110227", "rs2159985", "rs5994149", 
"rs4819948", "rs2895329", "rs5748832", "rs5746982", "rs5748835", 
"rs2845418", "rs2845404", "rs17806974", "rs1054945", "rs1054946", 
"rs2859480", "rs5994154", "rs9606592", "rs5748845", "rs738030", 
"rs4819554", "rs2270241", "rs2241042", "rs7288159", "rs2241049", 
"rs6518661", "rs882643", "rs887796", "rs738035", "rs4819962", 
"rs1654", "rs11160", "rs971768", "rs5746996", "rs5748879", "rs5748883", 
"rs9606624", "rs4819558", "rs5994176", "rs7287119", "rs4819968", 
"rs3788269", "rs738032", "rs4819972", "rs5748919", "rs5748923", 
"rs7285493", "rs14332", "rs1139056", "rs7290147", "rs1079554", 
"rs3827280", "rs2231496", "rs1544504", "rs5992638", "rs17807317", 
"rs2240617", "rs5748953", "rs8136533", "rs737966", "rs5748965", 
"rs9606661", "rs3747021", "rs4819979", "rs5748976", "rs2058118", 
"rs5748979", "rs12483926", "rs4819982", "rs8138422", "rs5747043", 
"rs17807605", "rs5994230", "rs5994231", "rs16982255", "rs5749003", 
"rs5992649", "rs5749006", "rs5747050", "rs11704699", "rs4541325", 
"rs12160031", "rs5749028", "rs5992659", "rs5994256", "rs9306258", 
"rs12169748", "rs5747065", "rs4820001", "rs2158148", "rs5992668", 
"rs5994287", "rs7288834", "rs5749048", "rs9606695", "rs5994289", 
"rs737915", "rs5992674", "rs5747079", "rs5747084", "rs16982341", 
"rs9604738", "rs5747087", "rs4819447", "rs4819448", "rs737916", 
"rs1860308", "rs5746366", "rs7289964", "rs5746368", "rs16982402", 
"rs1858757", "rs5747120", "rs17808723", "rs2078737", "rs2895937", 
"rs1981533", "rs5747130", "rs5747133", "rs5992703", "rs12160909", 
"rs12160910", "rs5992707", "rs10460749", "rs5992708", "rs5746379", 
"rs5992709", "rs5746385", "rs2518749", "rs5747167", "rs2157720", 
"rs756642", "rs5747176", "rs5747180", "rs2518752", "rs5747182", 
"rs4819591", "rs5747190", "rs1557622", "rs5747191", "rs5747200", 
"rs882614", "rs2518768", "rs16982544", "rs10483093", "rs10483094", 
"rs17808446", "rs1296748", "rs7284169", "rs722751", "rs1296754", 
"rs1296755", "rs17809093", "rs5747211", "rs16982577", "rs5992728", 
"rs78914", "rs16982598", "rs174303", "rs174314", "rs13053400", 
"rs9617592", "rs1296778", "rs9605317", "rs2401125", "rs1296787", 
"rs174335", "rs1296793", "rs1003861", "rs1003862", "rs1296794", 
"rs1296795", "rs174342", "rs1296801", "rs113837", "rs174347", 
"rs174368", "rs423158", "rs443694", "rs1296812", "rs9604765", 
"rs5992746", "rs5747240", "rs3532", "rs1296821", "rs1296822", 
"rs5992750", "rs5992751", "rs714504", "rs2080549", "rs9604771", 
"rs5747263", "rs9605337", "rs2300688", "rs2300690", "rs3747025", 
"rs9605343", "rs12159924", "rs12160074", "rs5747283", "rs5747296", 
"rs4473484", "rs16980984", "rs11704728", "rs2024229", "rs13054588", 
"rs2535690", "rs13055718", "rs11704288", "rs5747323", "rs9605382", 
"rs2587070", "rs2535695", "rs2587072", "rs2587076", "rs5992092", 
"rs2535704", "rs5992795", "rs12170671", "rs5992797", "rs2535674", 
"rs7290691", "rs2587093", "rs2587094", "rs2098174", "rs2401169", 
"rs1008378", "rs4488761", "rs9306198", "rs181379", "rs181380", 
"rs424708", "rs5747338", "rs12167030", "rs17742109", "rs444102", 
"rs11538", "rs181397", "rs8190315", "rs9604787", "rs3788282", 
"rs181408", "rs181409", "rs5747349", "rs5747351", "rs9618106", 
"rs738095", "rs391085", "rs401416", "rs12168131", "rs389496", 
"rs8140645", "rs9617619", "rs388415", "rs1124069", "rs5992854", 
"rs7286597", "rs5992862", "rs5992868", "rs424931", "rs451840", 
"rs9618133", "rs2587107", "rs2587108", "rs2587109", "rs750558", 
"rs9618139", "rs768563", "rs2587115", "rs2542338", "rs2160760", 
"rs1057721", "rs5992126", "rs5992128", "rs5992884", "rs4819471", 
"rs2075444", "rs1076114", "rs2289718", "rs5747394", "rs8141766", 
"rs9605426", "rs2075446", "rs4819647", "rs5992900", "rs13058527", 
"rs9605441", "rs416081", "rs9618172", "rs431071", "rs5747428", 
"rs411682", "rs5746498", "rs7290544", "rs12166570", "rs12158823", 
"rs1076539", "rs9604814", "rs448627", "rs453435", "rs453557", 
"rs8141896", "rs9605458", "rs370241", "rs5992934", "rs9617648", 
"rs5992946", "rs13057016", "rs386375", "rs402617", "rs403668", 
"rs5992953", "rs397709", "rs452579", "rs366892", "rs7284666", 
"rs390495", "rs2034299", "rs4819478", "rs107321", "rs465101", 
"rs463271", "rs460036", "rs460485", "rs459030", "rs7288409", 
"rs7284964", "rs5992986", "rs11703869", "rs5992990", "rs17742344", 
"rs9618193", "rs1005195", "rs17742403", "rs466130", "rs361807", 
"rs5992169", "rs361594", "rs362250", "rs28839", "rs361834", "rs362072", 
"rs5993003", "rs9604830", "rs2234329", "rs361776", "rs361557", 
"rs12159975", "rs2540620", "rs5746516", "rs4819668", "rs5746519", 
"rs361534", "rs361814", "rs2252257", "rs5747922", "rs454534", 
"rs8135825", "rs372579", "rs408469", "rs409155", "rs5993409", 
"rs5746636", "rs395440", "rs2241305", "rs380705", "rs759406", 
"rs5993420", "rs5992335", "rs16983593", "rs4819757", "rs2008720", 
"rs5993426", "rs5992339", "rs5992340", "rs5747944", "rs5993445", 
"rs2540627", "rs2077200", "rs5747948", "rs2540648", "rs17208178", 
"rs2518800", "rs2540653", "rs2518805", "rs2075198", "rs1210637", 
"rs5992351", "rs5746651", "rs12157835", "rs17810548", "rs6518508", 
"rs3747041", "rs2072123", "rs6518517", "rs1001896", "rs2871009", 
"rs2074003", "rs10854539", "rs6518518", "rs5993482", "rs5992356", 
"rs2107297", "rs2238740", "rs2238743", "rs11913366", "rs1557844", 
"rs1557845", "rs2238749", "rs5993492", "rs2238751", "rs1557847", 
"rs2800960", "rs2800969", "rs5992362", "rs2525037", "rs17743642", 
"rs2189490", "rs2105421", "rs2096377", "rs2800987", "rs807741", 
"rs811107", "rs807750", "rs807751", "rs807753", "rs17811040", 
"rs12233351", "rs712965", "rs2240112", "rs16983371", "rs5747997", 
"rs3765611", "rs5992372", "rs8139648", "rs11704735", "rs5748016", 
"rs2000338", "rs712964", "rs2298271", "rs807665", "rs807667", 
"rs756651", "rs885977", "rs762527", "rs2066732", "rs1061325", 
"rs807550", "rs5746682", "rs807549", "rs723414", "rs712957", 
"rs2236759", "rs2239390", "rs1633404", "rs5748042", "rs12628491", 
"rs712955", "rs712953", "rs5748046", "rs712951", "rs712949", 
"rs1206536", "rs5748051", "rs1206546", "rs1206553", "rs2073754", 
"rs807459", "rs807468", "rs12628109", "rs809901", "rs5748067", 
"rs807463", "rs807465", "rs2096379", "rs807430", "rs2518866", 
"rs807432", "rs3788295", "rs9605972", "rs2518840", "rs11705237", 
"rs5748087", "rs5748092", "rs5746711", "rs361956", "rs1858771", 
"rs3761407", "rs3810597", "rs5746715", "rs5993581", "rs2023638", 
"rs5993589", "rs8138738", "rs9605988", "rs1210685", "rs982744", 
"rs1210689", "rs7292766", "rs1210696", "rs1210697", "rs1210702", 
"rs2283650", "rs2238763", "rs9605996", "rs2023639", "rs5748148", 
"rs5746727", "rs2051670", "rs2285334", "rs5746732", "rs2013516", 
"rs17208994", "rs9606001", "rs5748175", "rs5993623", "rs5748177", 
"rs9617790", "rs2106145", "rs5746734", "rs7284649", "rs3788298", 
"rs5748188", "rs5748190", "rs5748191", "rs1473108", "rs10427838", 
"rs10483102", "rs5748201", "rs5748203", "rs13056639", "rs8137606", 
"rs713931", "rs885975", "rs1057457", "rs5748211", "rs2073728", 
"rs5748212", "rs5748220", "rs2238769", "rs5748222", "rs756657", 
"rs17811336", "rs5748226", "rs5748231", "rs5993650", "rs5746750", 
"rs5748238", "rs5748239", "rs5748242", "rs2073736", "rs9606043", 
"rs13447281", "rs2073733", "rs2073732", "rs2073760", "rs9606044", 
"rs9606045", "rs13447298", "rs5993665", "rs9604969", "rs2871031", 
"rs13056098", "rs4819804", "rs11089283", "rs5748285", "rs9606068", 
"rs5748287", "rs5746775", "rs5993685", "rs13057770", "rs5993690", 
"rs5992428", "rs756656", "rs7286543", "rs5748332", "rs885983", 
"rs9618618", "rs5992437", "rs5992439", "rs13058085", "rs5992443", 
"rs8135254", "rs9618625", "rs13054962", "rs4819811", "rs9617816", 
"rs5993752", "rs7510644", "rs11912807", "rs5992452", "rs7291726", 
"rs9618640", "rs17209532", "rs13057911", "rs5748362", "rs13055204", 
"rs12159686", "rs5748371", "rs5748372", "rs2904560", "rs5748377", 
"rs4819826", "rs4596073", "rs9618648", "rs7291584", "rs9606113", 
"rs9606114", "rs17744980", "rs1541326", "rs5748391", "rs9605002", 
"rs5993790", "rs10854556", "rs5993794", "rs5993795", "rs4819832", 
"rs11702893", "rs13053558", "rs5993810", "rs1473107", "rs5748406", 
"rs5748407", "rs5748410", "rs12483887", "rs4819840", "rs5993817", 
"rs2157731", "rs11089305", "rs739374", "rs16984141", "rs7291533", 
"rs2301558", "rs4819843", "rs2073762", "rs5993830", "rs2871043", 
"rs737859", "rs5993837", "rs4819523", "rs5748445", "rs5748449", 
"rs737861", "rs9618705", "rs9618708", "rs9680547", "rs7286924", 
"rs7287254", "rs10427656", "rs12167717", "rs5748453", "rs13164", 
"rs3196628", "rs17745302", "rs13057784", "rs9754418", "rs7285948", 
"rs1139793", "rs3788305", "rs1548357", "rs3827289", "rs3788310", 
"rs3788317", "rs9606174", "rs4597638", "rs12168752", "rs8141516", 
"rs5993875", "rs7290448", "rs4333017", "rs9605031", "rs8140265", 
"rs8137828", "rs11705619", "rs740603", "rs740601", "rs165774", 
"rs174696", "rs5993891", "rs2240714", "rs2518824", "rs887200", 
"rs12158201", "rs2073747", "rs2240716", "rs2238780", "rs2238784", 
"rs917479", "rs2238786", "rs2238787", "rs4819527", "rs2238789", 
"rs2238790", "rs11089325", "rs1034565", "rs1034566", "rs2073745", 
"rs2073743", "rs2073742", "rs12165312", "rs12171109", "rs1990276", 
"rs2531697", "rs3788322", "rs2531705", "rs2531706", "rs2531708", 
"rs6518598", "rs431651", "rs397701", "rs729894", "rs426894", 
"rs17818431", "rs3804044", "rs3804043", "rs442277", "rs367450", 
"rs7285397", "rs5992507", "rs9606232", "rs9606235", "rs1558495", 
"rs2073778", "rs9606241", "rs2286925", "rs4476436", "rs7288396", 
"rs9605062", "rs9605063", "rs9606252", "rs443678", "rs1640299", 
"rs1048659", "rs885980", "rs175164", "rs175165", "rs175174", 
"rs2292570", "rs639516", "rs649737", "rs1640283", "rs1153418", 
"rs8137965", "rs385773", "rs175200", "rs632194", "rs175207", 
"rs601541", "rs628355", "rs672570", "rs661900", "rs638152", "rs17746115", 
"rs589089", "rs9606282", "rs730669", "rs17210664", "rs5748554", 
"rs1640348", "rs1642173", "rs1640350", "rs8142885", "rs4389405", 
"rs1962813", "rs696883", "rs854967", "rs9606290", "rs7293032", 
"rs5993935", "rs854970", "rs855072", "rs855073", "rs9618757", 
"rs701427", "rs854971", "rs696880", "rs1567871", "rs9617869", 
"rs854955", "rs854959", "rs9606315", "rs854961", "rs12628408", 
"rs7287659", "rs11913556", "rs759575", "rs4425183", "rs4995261", 
"rs752689", "rs6518604", "rs2930761", "rs6003971", "rs362243", 
"rs9609699", "rs2041969", "rs362125", "rs887022", "rs1210433", 
"rs5761326", "rs1013634", "rs6005267", "rs5762084", "rs4823021", 
"rs1123521", "rs5763911", "rs165864", "rs9611669", "rs5749587", 
"rs9623544", "rs5749656", "rs5749713", "rs5749718", "rs5749793", 
"rs5749847", "rs9620147", "rs5750181", "rs4820216", "rs5756526", 
"rs11704564", "rs11913315", "rs5995708", "rs5995717", "rs4821947", 
"rs12483842", "rs4821963", "rs4821967", "rs886319", "rs886320", 
"rs17211374", "rs165829", "rs165833", "rs177421", "rs165685", 
"rs17819434", "rs5751448", "rs5759311", "rs5759314", "rs165674", 
"rs12484576", "rs165802", "rs5759455", "rs165747", "rs2285699", 
"rs165591", "rs671257", "rs165626", "rs552823", "rs13433634", 
"rs1557798", "rs5759562", "rs1108101", "rs6003459", "rs853129", 
"rs562536", "rs482165", "rs11090300", "rs623679", "rs12628898", 
"rs17818796", "rs1861078", "rs623999", "rs5759640", "rs741192", 
"rs5759659", "rs17757910", "rs9612546", "rs741193", "rs741194", 
"rs2016016", "rs12483851", "rs673017", "rs556366", "rs612325", 
"rs653137", "rs5996576", "rs674478", "rs491228", "rs5760087", 
"rs1807692", "rs6004060", "rs4820583", "rs4461352", "rs1558656", 
"rs1558657", "rs2072513", "rs2072514", "rs2241138", "rs5751852", 
"rs738060", "rs4820588", "rs4822497", "rs9608386", "rs165764", 
"rs165818", "rs178028", "rs178029", "rs178032", "rs165862", "rs4387909", 
"rs78656", "rs178040", "rs739523", "rs178042", "rs165622", "rs165811", 
"rs165902", "rs5760765", "rs165789", "rs17758477", "rs165644", 
"rs3788327", "rs1210491", "rs165860", "rs165594", "rs165696", 
"rs165641", "rs165707", "rs165888", "rs165598", "rs165623", "rs25188", 
"rs10483104", "rs165873", "rs165820", "rs178073", "rs178074", 
"rs5761259", "rs178092", "rs178093", "rs2266951", "rs12628875", 
"rs737893", "rs2266953", "rs737894", "rs1043242", "rs737895", 
"rs2097674", "rs178271", "rs8139975", "rs105034", "rs178285", 
"rs2269779", "rs2073989", "rs2072066", "rs178293", "rs3747081", 
"rs178296", "rs3747084", "rs3810602", "rs369935", "rs398577", 
"rs2075274", "rs2516542", "rs2516545", "rs399647", "rs3761410", 
"rs2014648", "rs9625334", "rs2541943", "rs2277838", "rs929671", 
"rs2075278", "rs2072549", "rs5752500", "rs12627919", "rs402308", 
"rs12168111", "rs6005418", "rs447258", "rs410356", "rs1210575", 
"rs16989070", "rs2075270", "rs422942", "rs2072554", "rs408718", 
"rs421166", "rs405539", "rs9613625", "rs9613641", "rs17759002", 
"rs450710", "rs6005625", "rs1210601", "rs433457", "rs140391", 
"rs140392", "rs2845421", "rs9606786", "rs368232", "rs460106", 
"rs5997982", "rs5754102", "rs140498", "rs140499", "rs2266961", 
"rs181359", "rs181360", "rs181362", "rs5754217", "rs12484550", 
"rs5998599", "rs4821108", "rs453343", "rs5754387", "rs861854", 
"rs11705259", "rs5998835", "rs1947", "rs374659", "rs447001", 
"rs1669125", "rs3788329", "rs11703445", "rs861833", "rs396913", 
"rs7291614", "rs861831", "rs436496", "rs12170039", "rs861818", 
"rs861817", "rs762349", "rs5749696", "rs710171", "rs17821327", 
"rs7285365", "rs7290787", "rs7292106", "rs12172286", "rs717121", 
"rs743407", "rs5999264", "rs9610216", "rs5754927", "rs5749792", 
"rs5754968", "rs5754970", "rs5749811", "rs8139376", "rs3810608", 
"rs2276005", "rs2276006", "rs6928", "rs13515", "rs17759598", 
"rs9607287", "rs2266968", "rs2266969", "rs7286558", "rs9607298", 
"rs1892846", "rs17759796", "rs8141815", "rs9610470", "rs9610487", 
"rs4821401", "rs9610496", "rs5755745", "rs9610536", "rs7285260", 
"rs8137156", "rs13054366", "rs8139622", "rs17759843", "rs2070507", 
"rs894095", "rs2099792", "rs5995248", "rs2027790", "rs240068", 
"rs12152192", "rs381523", "rs412050", "rs239915", "rs9610750", 
"rs2266977", "rs2266978", "rs5756324", "rs9607482", "rs17821866", 
"rs5756378", "rs12159264", "rs1016547", "rs1016548", "rs402909", 
"rs405698", "rs9610872", "rs9610879", "rs367753", "rs436484", 
"rs444597", "rs409381", "rs6000656", "rs366116", "rs1372070", 
"rs986646", "rs4145409", "rs2276451", "rs5756711", "rs8141581", 
"rs762471", "rs743523", "rs5756725", "rs5756726", "rs5756727", 
"rs4413248", "rs5750456", "rs17820606", "rs6000825", "rs6519111", 
"rs16982444", "rs5750465", "rs9610967", "rs5750467", "rs9607545", 
"rs9622817", "rs5756762", "rs4821685", "rs5750483", "rs7286044", 
"rs2329928", "rs6000874", "rs713636", "rs1894250", "rs4820309", 
"rs16983076", "rs16983131", "rs6000948", "rs7290437", "rs7287088", 
"rs5750521", "rs6000973", "rs13057383", "rs4287862", "rs9622920", 
"rs5750578", "rs5757051", "rs5757080", "rs5757082", "rs738902", 
"rs6001123", "rs10483108", "rs16984675", "rs11912149", "rs7287315", 
"rs12485106", "rs5757108", "rs987710", "rs6001142", "rs9619811", 
"rs5757120", "rs738885", "rs737841", "rs5757137", "rs2877021", 
"rs2330014", "rs4820338", "rs762469", "rs5757170", "rs5757171", 
"rs5995601", "rs16985150", "rs5757244", "rs5757246", "rs1076851", 
"rs743520", "rs5750674", "rs5757259", "rs9607653", "rs9607654", 
"rs5757264", "rs6001213", "rs10483109", "rs5995615", "rs928894", 
"rs5995616", "rs7287611", "rs5995628", "rs4821846", "rs4820360", 
"rs738867", "rs738873", "rs5757427", "rs17490152", "rs1029267", 
"rs5757478", "rs8142814", "rs13057369", "rs6001472", "rs12627811", 
"rs9623112", "rs9623113", "rs5995706", "rs7286018", "rs7289754", 
"rs1320", "rs6001581", "rs10745051", "rs2329979", "rs5995828", 
"rs5757912", "rs5757914", "rs9306352", "rs12484044", "rs16987355", 
"rs12169829", "rs5757973", "rs12165717", "rs4820414", "rs8139459", 
"rs1985918", "rs6002024", "rs6002026", "rs6002030", "rs5758086", 
"rs5995959", "rs5751047", "rs7286936", "rs2156885", "rs6002288", 
"rs1894242", "rs5758358", "rs12160221", "rs7510967", "rs12159849", 
"rs6002397", "rs1076108", "rs9623606", "rs874991", "rs377976", 
"rs388921", "rs414781", "rs398182", "rs5751168", "rs5018574", 
"rs5751179", "rs2330097", "rs362230", "rs8405", "rs467133", "rs5751324", 
"rs5758942", "rs4306796", "rs4820495", "rs2164666", "rs5759050", 
"rs1550184", "rs6003182", "rs6003185", "rs463137", "rs4481090", 
"rs2330132", "rs441120", "rs6003222", "rs5751511", "rs5759370", 
"rs6003227", "rs12165881", "rs6003236", "rs4822294", "rs8140385", 
"rs11703325", "rs5996360", "rs6003246", "rs11090174", "rs10854762", 
"rs6003256", "rs6003258", "rs7288354", "rs2520085", "rs5759428", 
"rs11090179", "rs6003283", "rs6003293", "rs6003294", "rs12162956", 
"rs17508955", "rs6003306", "rs6003308", "rs12157440", "rs12484283", 
"rs6003333", "rs739417", "rs12483821", "rs367216", "rs5751559", 
"rs5759504", "rs5759523", "rs2854096", "rs2854097", "rs455941", 
"rs463185", "rs451115", "rs418064", "rs11090195", "rs394409", 
"rs374167", "rs8135996", "rs429942", "rs419625", "rs457938", 
"rs7288450", "rs461915", "rs8139942", "rs455929", "rs6003397", 
"rs5996424", "rs11090196", "rs11705658", "rs9612178", "rs2013551", 
"rs8141267", "rs877728", "rs882097", "rs11090204", "rs765744", 
"rs9623992", "rs9612188", "rs9306382", "rs1023358", "rs6003465", 
"rs1297466", "rs5996451", "rs6003475", "rs6003478", "rs5996454", 
"rs6003482", "rs5996456"), row.names = c("101", "103", "105", 
"107", "109", "111", "113", "115", "117", "119"), class = "data.frame")
