"BreedCode"	"BL1045"	"BMS1616"	"BL1098"	"UWCA19"	"XBM701"	"XBM361"	"BMS960"	"XBM7"	"BMS2713"	"BMS649"
"NG2"	1,1	4,4	0,0	1,1	1,1	1,1	6,6	1,1	2,2	2,2
"NG5"	2,2	2,2	1,1	1,1	1,1	4,4	6,6	5,5	2,2	2,2
"NG7"	2,2	2,2	1,1	1,1	1,1	4,4	7,7	2,2	1,1	1,1
"NG8"	1,1	2,2	1,1	1,1	1,1	1,1	1,1	6,6	2,2	4,4
"NG10"	1,1	2,2	1,1	1,1	1,1	0,0	7,7	5,5	2,2	1,1
"NG12"	1,1	5,5	1,1	1,1	1,1	0,0	6,6	5,5	2,2	5,5
"NG16"	1,1	5,5	1,1	1,1	1,1	4,4	2,2	6,6	2,2	1,1
"NG17"	1,1	2,2	1,1	1,1	1,1	0,0	2,2	1,1	2,2	2,2
"NG27"	2,2	3,3	2,2	1,1	1,1	1,1	6,6	1,1	1,1	1,1
"NG28"	2,2	1,1	5,5	1,1	1,1	3,3	5,5	1,1	1,1	2,2
"NG29"	1,1	1,1	5,5	1,1	1,1	0,0	6,6	5,5	1,1	2,2
"NG30"	1,1	4,4	1,1	1,1	1,1	1,1	6,6	5,5	2,2	1,1
"NG31"	1,1	4,4	1,1	1,1	1,1	4,4	3,3	1,1	2,2	2,2
"NG32"	1,1	2,2	1,1	1,1	1,1	1,1	2,2	7,7	1,1	1,1
"NG33"	1,1	1,1	1,1	1,1	1,1	1,1	1,1	5,5	1,1	1,1
"NG34"	2,2	2,2	2,2	1,1	1,1	4,4	2,2	1,1	2,2	2,2
"NG35"	2,2	2,2	5,5	1,1	1,1	1,1	2,2	5,5	1,1	2,2
"NG36"	1,1	2,2	1,1	1,1	1,1	1,1	1,1	1,1	2,2	1,1
"NG37"	2,2	6,6	2,2	1,1	1,1	3,3	5,5	6,6	1,1	1,1
"NG38"	1,1	2,2	1,1	1,1	1,1	4,4	2,2	5,5	2,2	2,2
"NG39"	2,2	2,2	5,5	1,1	1,1	4,4	2,2	5,5	2,2	1,1
"NG40"	1,1	2,2	1,1	0,0	1,1	4,4	2,2	6,6	2,2	6,6
"NG41"	1,1	2,2	7,7	1,1	1,1	1,1	7,7	6,6	2,2	2,2
"NG42"	1,1	1,1	1,1	1,1	1,1	1,1	6,6	2,2	1,1	1,1
"NG43"	1,1	2,2	1,1	1,1	1,1	1,1	1,1	1,1	1,1	1,1
"NG44"	2,2	1,1	2,2	1,1	1,1	2,2	2,2	6,6	2,2	1,1
"NG45"	2,2	2,2	2,2	1,1	1,1	1,1	2,2	2,2	1,1	2,2
"NG46"	1,1	2,2	1,1	1,1	1,1	1,1	1,1	5,5	2,2	1,1
"NG47"	1,1	4,4	1,1	1,1	1,1	0,0	2,2	6,6	2,2	2,2
"NG48"	1,1	2,2	1,1	1,1	1,1	0,0	2,2	4,4	2,2	1,1
"NG49"	1,1	4,4	1,1	1,1	0,0	4,4	2,2	6,6	2,2	2,2
"NG50"	2,2	4,4	5,5	1,1	1,1	2,2	2,2	4,4	2,2	0,0
"NG51"	2,2	2,2	5,5	1,1	1,1	1,1	6,6	1,1	1,1	2,2
"NG52"	1,1	2,2	1,1	1,1	1,1	3,3	6,6	1,1	1,1	1,1
"NG53"	1,1	1,1	1,1	1,1	1,1	1,1	2,2	5,5	1,1	2,2
"NG54"	1,1	2,2	1,1	1,1	1,1	1,1	6,6	1,1	2,2	2,2
"NB1"	2,2	3,3	8,8	1,1	1,1	4,4	6,6	5,5	2,2	1,1
"NB2"	1,1	2,2	8,8	1,1	1,1	1,1	2,2	1,1	1,1	1,1
"NB4"	1,1	4,4	9,9	1,1	1,1	3,3	3,3	1,1	1,1	2,2
"NB7"	2,2	2,2	8,8	1,1	1,1	1,1	6,6	1,1	1,1	1,1
"NB9"	2,2	1,1	10,10	1,1	1,1	4,4	1,1	5,5	2,2	1,1
"NB11"	1,1	1,1	11,11	1,1	1,1	1,1	5,5	1,1	1,1	2,2
"NB13"	2,2	3,3	10,10	0,0	1,1	1,1	6,6	1,1	1,1	2,2
"NB15"	1,1	2,2	9,9	1,1	1,1	1,1	2,2	1,1	1,1	1,1
"NB17"	2,2	2,2	8,8	1,1	1,1	1,1	6,6	1,1	1,1	1,1
"NB19"	2,2	1,1	8,8	1,1	1,1	4,4	6,6	5,5	2,2	2,2
"NB22"	2,2	2,2	11,11	1,1	1,1	3,3	2,2	4,4	1,1	2,2
"NB25"	2,2	2,2	8,8	1,1	1,1	1,1	6,6	1,1	1,1	1,1
"NB28"	2,2	2,2	10,10	1,1	1,1	1,1	6,6	1,1	1,1	5,5
"NB29"	1,1	1,1	11,11	1,1	1,1	1,1	5,5	1,1	1,1	2,2
"NB37"	1,1	4,4	11,11	1,1	1,1	1,1	2,2	1,1	2,2	1,1
"NB39"	2,2	1,1	8,8	1,1	1,1	1,1	2,2	1,1	1,1	2,2
"NB42"	1,1	1,1	8,8	1,1	1,1	3,3	1,1	1,1	1,1	1,1
"NB44"	2,2	2,2	10,10	1,1	1,1	1,1	7,7	1,1	1,1	1,1
"NB46"	2,2	2,2	10,10	1,1	1,1	1,1	7,7	1,1	1,1	1,1
"NB52"	2,2	2,2	10,10	1,1	1,1	0,0	6,6	1,1	1,1	1,1
"NB53"	1,1	4,4	2,2	1,1	1,1	1,1	6,6	5,5	2,2	2,2
"NB54"	2,2	2,2	8,8	1,1	1,1	5,5	6,6	1,1	1,1	1,1
"S4"	1,1	1,1	3,3	1,1	1,1	3,3	1,1	4,4	1,1	1,1
"S5"	1,1	2,2	1,1	1,1	1,1	3,3	1,1	4,4	1,1	2,2
"S6"	1,1	1,1	1,1	1,1	4,4	1,1	6,6	6,6	2,2	1,1
"S9"	1,1	2,2	1,1	1,1	1,1	0,0	1,1	6,6	2,2	2,2
"S10"	2,2	2,2	2,2	1,1	1,1	1,1	6,6	6,6	2,2	1,1
"S17"	2,2	2,2	1,1	1,1	1,1	4,4	6,6	4,4	1,1	1,1
"S18"	1,1	1,1	1,1	1,1	1,1	1,1	2,2	6,6	2,2	2,2
"S19"	1,1	2,2	1,1	1,1	1,1	4,4	6,6	1,1	2,2	2,2
"S20"	1,1	0,0	1,1	1,1	1,1	2,2	7,7	4,4	3,3	2,2
"S21"	1,1	3,3	1,1	1,1	1,1	4,4	1,1	6,6	2,2	2,2
"GOB1"	3,3	6,6	2,2	3,3	5,5	6,6	8,8	8,8	3,3	2,2
"GOB2"	1,1	4,4	10,10	3,3	1,1	6,6	7,7	8,8	3,3	7,7
"GOB3"	4,4	6,6	3,3	3,3	5,5	1,1	3,3	1,1	1,1	2,2
"GOB5"	3,3	6,6	4,4	3,3	5,5	7,7	3,3	1,1	3,3	2,2
"GOB6"	1,1	2,2	11,11	1,1	1,1	1,1	6,6	4,4	1,1	7,7
"GOB7"	1,1	2,2	11,11	1,1	1,1	1,1	6,6	4,4	1,1	2,2
"GOB8"	1,1	4,4	8,8	1,1	1,1	7,7	3,3	7,7	3,3	4,4
"GOB11"	4,4	6,6	3,3	3,3	5,5	1,1	3,3	1,1	1,1	2,2
"GOB17"	4,4	6,6	3,3	3,3	5,5	1,1	3,3	1,1	1,1	2,2
"GOB18"	1,1	2,2	11,11	1,1	1,1	1,1	6,6	4,4	1,1	1,1
"GOB19"	4,4	6,6	3,3	3,3	0,0	1,1	3,3	1,1	1,1	2,2
"GOB23"	3,3	1,1	4,4	3,3	6,6	4,4	3,3	5,5	2,2	2,2
"GOB25"	2,2	2,2	9,9	1,1	1,1	3,3	2,2	1,1	1,1	1,1
"GOB29"	3,3	4,4	4,4	3,3	7,7	6,6	1,1	8,8	3,3	2,2
"GOB30"	3,3	3,3	2,2	1,1	7,7	7,7	1,1	6,6	3,3	2,2
"GOB31"	3,3	6,6	10,10	3,3	7,7	1,1	1,1	1,1	1,1	2,2
"GOB33"	3,3	1,1	2,2	3,3	7,7	7,7	1,1	4,4	3,3	2,2
"GOB34"	3,3	1,1	2,2	3,3	5,5	7,7	6,6	1,1	3,3	2,2
"GOB35"	2,2	2,2	10,10	1,1	1,1	6,6	7,7	8,8	3,3	2,2
"GOB36"	1,1	2,2	8,8	1,1	1,1	2,2	5,5	4,4	1,1	1,1
"GOB39"	3,3	6,6	8,8	1,1	1,1	0,0	8,8	8,8	3,3	8,8
"GOB40"	3,3	7,7	4,4	3,3	5,5	7,7	1,1	1,1	3,3	2,2
"GOB51"	3,3	6,6	4,4	3,3	5,5	4,4	3,3	5,5	2,2	2,2
"GOB52"	3,3	6,6	1,1	3,3	5,5	7,7	8,8	1,1	3,3	1,1
"GOB53"	3,3	1,1	2,2	3,3	4,4	7,7	9,9	6,6	3,3	2,2
"GOB54"	1,1	8,8	8,8	1,1	1,1	4,4	6,6	5,5	2,2	2,2
"GOB55"	4,4	3,3	12,12	1,1	7,7	3,3	1,1	4,4	1,1	1,1
"GOB56"	3,3	6,6	2,2	3,3	4,4	7,7	9,9	1,1	3,3	2,2
"GOB57"	3,3	1,1	2,2	3,3	4,4	7,7	1,1	6,6	3,3	1,1
"GOB58"	1,1	2,2	8,8	3,3	1,1	3,3	7,7	5,5	2,2	1,1
"GOB59"	1,1	2,2	8,8	3,3	1,1	3,3	7,7	5,5	2,2	1,1
"GOB60"	3,3	1,1	2,2	3,3	4,4	1,1	1,1	1,1	1,1	8,8
"SG1"	3,3	9,9	4,4	3,3	7,7	7,7	1,1	2,2	3,3	7,7
"SG2"	3,3	6,6	4,4	3,3	7,7	7,7	1,1	4,4	3,3	7,7
"SG3"	1,1	6,6	2,2	3,3	7,7	7,7	9,9	4,4	3,3	7,7
"SG4"	2,2	6,6	10,10	1,1	6,6	1,1	7,7	1,1	1,1	7,7
"SG5"	3,3	2,2	4,4	3,3	6,6	1,1	1,1	1,1	1,1	7,7
"SG6"	3,3	6,6	11,11	3,3	6,6	7,7	9,9	1,1	3,3	2,2
"SG7"	3,3	6,6	2,2	3,3	6,6	6,6	1,1	8,8	3,3	2,2
"SG8"	2,2	6,6	10,10	1,1	5,5	1,1	7,7	2,2	1,1	7,7
"SG9"	3,3	6,6	1,1	3,3	5,5	7,7	8,8	6,6	3,3	8,8
"SG10"	3,3	7,7	2,2	1,1	1,1	1,1	1,1	1,1	1,1	2,2
"SG11"	3,3	10,10	2,2	3,3	6,6	1,1	9,9	1,1	1,1	8,8
"SG28"	3,3	6,6	2,2	3,3	6,6	6,6	1,1	8,8	3,3	2,2
"SG30"	4,4	8,8	8,8	3,3	6,6	7,7	1,1	6,6	3,3	8,8
"Mb2"	3,3	0,0	2,2	3,3	6,6	7,7	9,9	6,6	3,3	2,2
"Mb5"	3,3	6,6	2,2	3,3	5,5	0,0	1,1	1,1	3,3	1,1
"Mb9"	3,3	6,6	2,2	3,3	6,6	0,0	3,3	1,1	3,3	8,8
"Mb10"	1,1	9,9	10,10	1,1	1,1	1,1	6,6	6,6	1,1	7,7
"Mb11"	3,3	6,6	2,2	0,0	6,6	7,7	3,3	7,7	3,3	7,7
"Mb12"	3,3	3,3	2,2	3,3	5,5	7,7	1,1	1,1	3,3	2,2
"Mb14"	1,1	6,6	11,11	1,1	1,1	4,4	2,2	0,0	1,1	2,2
"Mb17"	4,4	2,2	2,2	3,3	7,7	1,1	1,1	1,1	1,1	7,7
"Mb18"	4,4	2,2	1,1	3,3	7,7	7,7	9,9	0,0	3,3	1,1
"Ku7"	3,3	6,6	2,2	3,3	5,5	2,2	9,9	1,1	1,1	1,1
"Ku8"	1,1	3,3	8,8	3,3	7,7	1,1	3,3	9,9	3,3	2,2
"Ku10"	1,1	1,1	8,8	3,3	1,1	1,1	3,3	0,0	1,1	1,1
"Ku14"	3,3	2,2	4,4	3,3	5,5	7,7	8,8	1,1	3,3	2,2
"Ku29"	3,3	6,6	2,2	3,3	6,6	1,1	1,1	4,4	1,1	1,1
"Ku30"	1,1	4,4	8,8	1,1	1,1	1,1	6,6	1,1	4,4	2,2
"Ku31"	1,1	1,1	8,8	1,1	1,1	1,1	3,3	1,1	1,1	2,2
"Ku32"	1,1	2,2	10,10	1,1	6,6	1,1	2,2	1,1	4,4	8,8
"Ku33"	0,0	4,4	1,1	3,3	5,5	7,7	8,8	1,1	3,3	2,2
"Ku34"	3,3	3,3	8,8	3,3	1,1	1,1	6,6	1,1	1,1	1,1
"Ku35"	1,1	3,3	11,11	3,3	1,1	2,2	6,6	2,2	1,1	1,1
"Ku36"	1,1	1,1	11,11	3,3	1,1	7,7	6,6	6,6	3,3	8,8
"Ku37"	1,1	4,4	10,10	1,1	1,1	4,4	5,5	5,5	1,1	5,5
"Ara2"	5,5	8,8	0,0	3,3	0,0	8,8	3,3	2,2	3,3	9,9
"Ara3"	6,6	8,8	7,7	3,3	8,8	8,8	1,1	4,4	3,3	1,1
"Ara4"	5,5	2,2	0,0	1,1	4,4	8,8	8,8	0,0	3,3	10,10
"Ara6"	6,6	6,6	4,4	3,3	8,8	8,8	0,0	2,2	3,3	1,1
"Ara9"	3,3	6,6	2,2	0,0	1,1	8,8	2,2	0,0	3,3	7,7
"Ara10"	6,6	3,3	11,11	0,0	4,4	8,8	1,1	2,2	3,3	3,3
"Ara15"	3,3	6,6	7,7	3,3	5,5	8,8	6,6	10,10	3,3	7,7
"Ara16"	3,3	0,0	8,8	3,3	8,8	7,7	0,0	10,10	2,2	7,7
"Ara17"	5,5	0,0	7,7	0,0	8,8	8,8	0,0	4,4	3,3	10,10
"Ara22"	3,3	8,8	1,1	3,3	0,0	8,8	8,8	1,1	3,3	7,7
"Ara23"	5,5	0,0	1,1	3,3	8,8	8,8	3,3	2,2	3,3	1,1
"Ara24"	7,7	8,8	11,11	3,3	8,8	8,8	3,3	1,1	3,3	7,7
"Ara27"	5,5	6,6	4,4	3,3	4,4	8,8	3,3	0,0	3,3	7,7
"Ara28"	7,7	6,6	7,7	0,0	1,1	7,7	0,0	6,6	2,2	2,2
"Ara33"	8,8	6,6	3,3	3,3	5,5	8,8	1,1	1,1	3,3	1,1
"Oga4"	6,6	11,11	1,1	1,1	5,5	7,7	1,1	4,4	2,2	1,1
"Oga6"	6,6	2,2	5,5	3,3	5,5	8,8	0,0	1,1	3,3	0,0
"Oga7"	6,6	0,0	0,0	3,3	4,4	8,8	3,3	8,8	3,3	7,7
"Oga8"	5,5	8,8	2,2	3,3	4,4	8,8	8,8	0,0	3,3	7,7
"Oga10"	6,6	8,8	4,4	3,3	4,4	8,8	9,9	4,4	3,3	7,7
"Oga15"	6,6	8,8	2,2	3,3	8,8	8,8	1,1	3,3	3,3	0,0
"Oga16"	3,3	4,4	3,3	3,3	8,8	8,8	3,3	4,4	3,3	0,0
"Oga17"	6,6	2,2	3,3	0,0	1,1	8,8	8,8	4,4	3,3	0,0
"Oga19"	6,6	2,2	3,3	1,1	4,4	8,8	1,1	1,1	3,3	7,7
"Oga20"	6,6	2,2	2,2	3,3	4,4	8,8	1,1	8,8	3,3	7,7
"Oga22"	6,6	7,7	3,3	3,3	8,8	8,8	1,1	1,1	3,3	7,7
"Oga23"	6,6	0,0	5,5	3,3	5,5	4,4	1,1	7,7	1,1	7,7
"Oga24"	5,5	12,12	5,5	1,1	4,4	8,8	0,0	3,3	3,3	11,11
"Oga29"	6,6	0,0	0,0	1,1	4,4	8,8	1,1	1,1	3,3	7,7
"Oga31"	6,6	4,4	3,3	1,1	1,1	8,8	0,0	4,4	3,3	0,0
"Oga32"	6,6	4,4	0,0	1,1	1,1	8,8	3,3	0,0	3,3	7,7
"Oga33"	7,7	2,2	2,2	3,3	5,5	8,8	1,1	4,4	3,3	11,11
"Oga34"	6,6	2,2	5,5	1,1	1,1	8,8	0,0	4,4	3,3	1,1
"Ank4"	0,0	3,3	7,7	3,3	8,8	0,0	3,3	0,0	0,0	0,0
"Ank6"	6,6	2,2	2,2	3,3	8,8	8,8	9,9	0,0	3,3	7,7
"Ank12"	0,0	0,0	4,4	3,3	4,4	8,8	1,1	0,0	3,3	7,7
"Ank13"	0,0	2,2	0,0	0,0	0,0	4,4	1,1	4,4	1,1	7,7
"Ank14"	3,3	0,0	12,12	3,3	4,4	8,8	2,2	4,4	3,3	7,7
"Ank15"	6,6	7,7	0,0	3,3	4,4	8,8	1,1	10,10	3,3	7,7
"Ank23"	5,5	8,8	0,0	0,0	6,6	8,8	3,3	4,4	3,3	7,7
"Ank25"	0,0	0,0	13,13	3,3	0,0	0,0	1,1	7,7	0,0	7,7
"Ank26"	6,6	2,2	11,11	0,0	8,8	8,8	1,1	0,0	3,3	7,7
"Ank29"	5,5	8,8	5,5	3,3	4,4	8,8	3,3	10,10	3,3	7,7
"Ank30"	5,5	8,8	11,11	0,0	4,4	8,8	0,0	10,10	3,3	7,7
"Ank32"	6,6	8,8	11,11	3,3	4,4	8,8	3,3	1,1	3,3	7,7
"Wat4"	6,6	7,7	11,11	1,1	4,4	4,4	1,1	1,1	1,1	1,1
"Wat10"	3,3	7,7	0,0	0,0	1,1	4,4	2,2	2,2	1,1	1,1
"Wat34"	3,3	7,7	13,13	1,1	1,1	4,4	2,2	4,4	1,1	1,1
"Bar8"	7,7	1,1	10,10	1,1	1,1	7,7	3,3	5,5	1,1	7,7
"Bar9"	3,3	5,5	10,10	1,1	1,1	4,4	2,2	1,1	1,1	1,1
"Bar11"	2,2	2,2	14,14	1,1	1,1	4,4	0,0	1,1	4,4	8,8
"Bar12"	2,2	7,7	10,10	1,1	1,1	7,7	1,1	5,5	2,2	1,1
"Bar14"	3,3	1,1	14,14	1,1	1,1	4,4	6,6	1,1	1,1	1,1
"Bar16"	3,3	0,0	10,10	1,1	1,1	4,4	2,2	1,1	1,1	1,1
"Bar17"	2,2	3,3	14,14	1,1	1,1	0,0	2,2	1,1	0,0	1,1
"Bar19"	3,3	8,8	12,12	1,1	1,1	0,0	1,1	1,1	0,0	3,3
"Bar20"	2,2	0,0	10,10	1,1	1,1	0,0	1,1	0,0	0,0	0,0
"Bar24"	7,7	11,11	10,10	1,1	1,1	4,4	2,2	1,1	1,1	2,2
"Bar25"	0,0	12,12	10,10	1,1	1,1	0,0	0,0	1,1	0,0	0,0
"Bar27"	7,7	0,0	8,8	1,1	1,1	0,0	2,2	1,1	0,0	1,1
"Bar29"	7,7	13,13	10,10	1,1	1,1	7,7	2,2	5,5	2,2	3,3
"Bar31"	2,2	12,12	12,12	1,1	1,1	4,4	6,6	6,6	1,1	1,1
"Bar34"	0,0	6,6	5,5	1,1	1,1	0,0	3,3	4,4	0,0	3,3
"Bar35"	0,0	6,6	1,1	1,1	1,1	0,0	3,3	6,6	0,0	1,1
"Kav1"	3,3	4,4	12,12	1,1	1,1	7,7	2,2	5,5	2,2	12,12
"Kav6"	3,3	7,7	10,10	1,1	1,1	4,4	2,2	0,0	1,1	13,13
"Kav7"	3,3	2,2	10,10	1,1	1,1	4,4	2,2	0,0	1,1	0,0
"Kav8"	0,0	3,3	10,10	1,1	1,1	4,4	2,2	5,5	1,1	0,0
"Kav10"	0,0	1,1	10,10	1,1	1,1	0,0	10,10	5,5	0,0	1,1
"Kav14"	3,3	1,1	10,10	0,0	1,1	7,7	0,0	5,5	2,2	1,1
"Kav17"	0,0	3,3	10,10	1,1	1,1	4,4	3,3	5,5	1,1	7,7
"Kav19"	7,7	2,2	10,10	1,1	1,1	7,7	3,3	0,0	2,2	10,10
"Kav21"	3,3	2,2	10,10	1,1	1,1	4,4	3,3	1,1	1,1	1,1
"Kav27"	3,3	0,0	10,10	1,1	1,1	4,4	3,3	1,1	1,1	0,0
"Kav31"	0,0	5,5	10,10	1,1	1,1	7,7	2,2	5,5	2,2	7,7
"Kav33"	7,7	8,8	10,10	1,1	1,1	7,7	2,2	5,5	2,2	1,1
"Ngu9"	2,2	2,2	13,13	1,1	1,1	4,4	2,2	4,4	1,1	8,8
"Ngu14"	6,6	2,2	13,13	1,1	1,1	7,7	10,10	6,6	2,2	1,1
"Ngu16"	0,0	0,0	10,10	1,1	1,1	0,0	2,2	6,6	0,0	1,1
"Ngu23"	3,3	1,1	10,10	1,1	1,1	4,4	3,3	4,4	1,1	7,7
"Ngu26"	3,3	3,3	10,10	1,1	2,2	0,0	10,10	5,5	0,0	1,1
"Ngu29"	0,0	4,4	10,10	1,1	1,1	0,0	2,2	6,6	0,0	1,1
"Ngu31"	3,3	4,4	10,10	1,1	9,9	4,4	1,1	1,1	1,1	1,1
"Ngu32"	3,3	2,2	13,13	1,1	1,1	4,4	3,3	2,2	1,1	1,1
"Ngu35"	3,3	2,2	13,13	1,1	3,3	4,4	3,3	2,2	1,1	1,1
"AFR-04"	3,3	5,5	13,13	0,0	1,1	1,1	2,2	0,0	1,1	7,7
"AFR-21"	3,3	7,7	14,14	3,3	4,4	0,0	3,3	0,0	1,1	1,1
"AFR-22"	3,3	1,1	11,11	3,3	4,4	0,0	3,3	2,2	1,1	1,1
"AFR-23"	3,3	7,7	12,12	3,3	4,4	1,1	3,3	1,1	1,1	1,1
"AFR-24"	3,3	6,6	10,10	1,1	1,1	0,0	10,10	7,7	1,1	1,1
"AFR-25"	3,3	7,7	8,8	0,0	0,0	1,1	1,1	4,4	2,2	1,1
"AFR-26"	3,3	7,7	12,12	3,3	4,4	0,0	3,3	0,0	0,0	1,1
"AFR-27"	3,3	7,7	12,12	3,3	4,4	1,1	3,3	1,1	0,0	1,1
"AFR-28"	6,6	3,3	13,13	1,1	1,1	1,1	3,3	4,4	1,1	1,1
"AFR-29"	3,3	2,2	14,14	1,1	9,9	0,0	1,1	6,6	1,1	1,1
"AFR-30"	3,3	1,1	2,2	1,1	4,4	4,4	0,0	6,6	2,2	7,7
"AFR-34"	3,3	7,7	12,12	0,0	4,4	1,1	0,0	4,4	1,1	3,3
"ZM16"	7,7	9,9	5,5	1,1	1,1	0,0	2,2	4,4	0,0	7,7
"ZM22"	8,8	9,9	7,7	1,1	1,1	8,8	2,2	10,10	3,3	7,7
"ZM24"	2,2	3,3	10,10	3,3	1,1	7,7	2,2	6,6	2,2	7,7
"ZM27"	0,0	3,3	11,11	1,1	4,4	8,8	1,1	10,10	3,3	7,7
"AB1"	3,3	8,8	1,1	1,1	1,1	1,1	1,1	2,2	1,1	10,10
"AB3"	1,1	6,6	1,1	1,1	5,5	1,1	2,2	2,2	1,1	2,2
"AB6"	1,1	6,6	4,4	1,1	0,0	1,1	2,2	2,2	1,1	2,2
"AB7"	1,1	3,3	0,0	1,1	0,0	1,1	2,2	2,2	0,0	1,1
"AB10"	1,1	6,6	1,1	3,3	1,1	1,1	2,2	2,2	1,1	1,1
"AB11"	1,1	3,3	0,0	1,1	1,1	1,1	2,2	2,2	1,1	1,1
"AB12"	1,1	14,14	1,1	1,1	1,1	1,1	1,1	2,2	1,1	4,4
"AB20"	1,1	2,2	1,1	1,1	1,1	1,1	2,2	1,1	1,1	12,12
"AB26"	1,1	0,0	15,15	1,1	1,1	1,1	8,8	1,1	1,1	8,8
"AB30"	1,1	3,3	1,1	1,1	1,1	1,1	2,2	2,2	1,1	1,1
"AB34"	1,1	6,6	1,1	1,1	1,1	1,1	1,1	2,2	1,1	2,2
"AB38"	1,1	3,3	8,8	1,1	5,5	1,1	2,2	2,2	1,1	1,1
"IRQ18"	1,1	9,9	11,11	3,3	4,4	1,1	0,0	1,1	3,3	1,1
"IRQ19"	3,3	9,9	3,3	1,1	1,1	7,7	0,0	6,6	3,3	7,7
"IRQ20"	1,1	9,9	16,16	3,3	1,1	7,7	2,2	3,3	3,3	10,10
"IRQ21"	1,1	4,4	15,15	3,3	1,1	6,6	1,1	10,10	3,3	7,7
"IRQ22"	2,2	6,6	8,8	3,3	10,10	7,7	1,1	1,1	1,1	7,7
"IRQ23"	3,3	9,9	16,16	3,3	8,8	1,1	3,3	10,10	3,3	1,1
"IRQ24"	3,3	3,3	16,16	3,3	6,6	7,7	3,3	1,1	3,3	2,2
"IRQ30"	3,3	6,6	16,16	1,1	6,6	7,7	1,1	1,1	3,3	7,7
"IRQ37"	1,1	6,6	1,1	3,3	10,10	7,7	1,1	2,2	3,3	8,8
"IRQ40"	3,3	6,6	3,3	1,1	5,5	6,6	1,1	1,1	3,3	6,6
"IRQ54"	1,1	6,6	7,7	3,3	6,6	7,7	3,3	1,1	3,3	7,7
"IRQ56"	3,3	9,9	16,16	3,3	8,8	6,6	2,2	10,10	3,3	0,0
"IRQ64"	2,2	4,4	7,7	1,1	1,1	7,7	1,1	1,1	3,3	10,10
"IRQ68"	1,1	6,6	7,7	3,3	5,5	7,7	2,2	8,8	3,3	2,2
"IRQ71"	4,4	9,9	16,16	0,0	11,11	6,6	2,2	10,10	3,3	7,7
"IRQ72"	1,1	0,0	7,7	0,0	0,0	7,7	7,7	0,0	0,0	1,1
