Dummy
-0.441083894736776
-0.87736641079903
0.464644968143116
-1.8254806936207
-0.278262678979398
1.05293984305750
0.00663290078176562
-0.488553204915109
-0.205201176543137
-0.613740158560858
-1.90620676619167
-1.27119455103928
-0.121737350198801
0.308568481592727
0.679995248143974
0.242103258591482
-0.743941921415659
-1.03902870570428
-1.30736217617094
-1.15828599645937
-0.00265555096485750
1.07007654038658
-1.7616800547041
-0.541619209826824
1.70355421256006
0.163136246620278
0.779127725081975
-1.45203835814254
0.0288703797330696
1.15408651580648
-0.449055946620468
-1.39434190807346
0.619742734701922
-0.291172217996543
0.670881366829634
0.748029325163054
0.0742239562198329
-2.52473237410369
0.620294419946194
2.49417444785986
0.252160847661034
-0.0970577256600221
0.461814570505764
0.69930703265472
-0.762438049759226
-0.50453070745398
1.34004482500317
-0.133731373774616
-1.25893253469660
-0.325196568504804
1.08228858625857
1.81542381130592
-1.13013865497264
-0.396975986497266
-0.424277362985549
-0.118132982835915
-0.0151002432277202
0.72742225352073
0.253223928247311
-0.0559464696556448
